4966
4966
4966
4966
4966
4966
4966
4966
4966
4966
74144
4966
44133
44133
74144
74144
74144
74144
74144
4966
4966
74144
74144
44133
44133
44133
44133
44133
74144
44133
44133
44133
4966
4966
4966
74144
90447
4966
74144
90447
18693
74144
74144
4966
18693
74144
44133
44133
51502
51502
74144
4966
4966
74144
44133
4966
74144
44133
97949
51502
74144
74144
44133
51502
74144
74144
74144
51502
11842
90447
74144
11842
97949
44133
4966
97949
51502
11842
74144
33046
8326
18693
74144
74144
8326
8326
18693
17827
11184
4966
11842
90447
11842
70127
44133
74144
8326
81077
51502
51502
44133
90447
11184
8326
90447
4966
11184
11842
44133
8326
18693
4966
90447
8326
51502
51502
90447
11184
8326
18693
51502
74144
70127
11184
18693
81077
51502
44133
4966
51502
97949
51502
44133
74144
58061
4966
97949
18693
8326
44133
97949
70127
70127
44133
90447
8326
51502
8326
4966
58061
97949
70127
11184
37175
11842
11184
37175
51502
6015
11842
90447
67611
58061
11842
67611
81077
33785
70127
90447
70127
4966
81077
11184
37175
11842
67611
81077
33785
90447
74144
97949
81077
81077
4966
58061
90447
67611
67611
37175
11842
81077
18693
97949
70127
97949
37175
1465
1465
33785
6015
70127
51502
70127
67611
67611
18693
74144
11184
90447
6015
81077
44133
70127
1465
11842
67611
18693
74144
80535
18693
8326
74144
97949
4966
33785
70127
80535
37175
74144
33785
11184
67611
18693
11842
83966
8326
11842
94374
58061
6015
18693
8326
58061
11184
58061
81077
57044
36783
70127
33785
58061
58061
24098
11842
90447
86873
36783
8326
24098
44133
49351
74144
28188
54130
74144
80535
80535
36783
6015
86873
97949
74144
74144
4966
49351
51502
97949
51502
97949
11842
81077
49351
90447
90447
80535
83966
58061
93275
8326
6015
94374
94374
6015
54130
58061
11842
8326
70127
93275
86873
37175
49351
58620
49351
24098
81077
1465
44133
4966
93275
54130
8326
90447
11184
81077
83966
74144
37175
93275
58620
86065
51502
90447
24098
93275
54130
83966
1465
54130
4966
37175
14210
58061
8326
24098
70127
74144
67611
80535
90447
1465
24098
94374
96768
4966
18693
51502
8326
27962
38218
80535
74144
8326
90447
36783
4966
11842
90447
11184
6011
4966
1465
18693
81077
86065
97949
8326
24098
70127
96768
58620
44918
97949
60557
74144
58061
6015
81077
10927
97949
11184
58061
37175
74144
51502
60358
4966
49351
6015
44133
18693
97949
90447
86065
10927
38268
69192
44918
24087
37175
81077
33785
1465
38218
49739
86065
34719
6011
10927
67611
93275
11842
86065
11184
49351
83966
24087
78745
96768
78745
86873
80249
54130
69192
1465
80535
8326
11842
58620
49351
58620
80535
49351
74144
97949
81077
78745
4966
51502
86065
70127
80535
81077
10927
49351
90447
8326
38218
80535
86873
24098
34719
11184
70127
93275
49351
49351
69192
83966
67281
37175
24098
67281
86873
60358
99769
44133
86873
6011
1465
33785
74144
11184
70127
33785
24098
14210
80535
893
44133
38218
24098
58620
4966
37175
58620
94374
96768
97949
51502
58620
33785
49351
71986
97949
58620
74144
74144
24087
37175
11184
24098
70127
51502
96768
49351
6467
6015
24087
19438
49739
80249
60557
71986
95217
11184
24087
67611
893
60264
24098
99769
80249
54130
58061
67611
97949
18693
58620
67281
67611
6011
58620
54130
67281
893
38218
58061
67611
6015
19438
24087
86065
96768
14210
54130
4966
60557
49739
80249
67611
41828
95217
74144
36783
54677
60264
10927
6011
97949
34719
8326
34719
51502
78745
76943
41828
76943
54130
95217
83966
19438
69192
49739
74144
94374
97949
60264
83213
59192
24087
74144
10927
37175
49739
67611
19438
78745
42383
18748
58620
24087
54130
67611
95217
93275
80189
19438
6467
86873
58196
53332
94374
6467
4966
41828
59192
54677
54130
99769
58061
33785
33785
49351
49351
6467
1465
87027
18748
81077
37175
8326
86873
80249
78745
93275
83024
91630
49739
11842
99769
60358
80249
58620
34719
70127
58620
38218
87027
6011
8617
34719
93695
37175
86873
44133
96768
80249
24087
9340
41828
93275
4966
24098
80582
94374
14002
80535
80249
4966
93695
41828
38336
60557
11184
58061
67281
71986
95217
60358
81077
51502
86065
893
8617
38336
60358
83358
69192
6015
52223
24098
28476
83755
19438
19438
33603
74144
86065
44918
6467
6467
6015
8617
6011
6011
893
38336
893
38336
33785
53332
6467
44907
83966
94374
96873
86065
54130
35212
38336
18693
893
97949
54130
46973
18693
37175
4966
74144
52223
87027
14210
49351
87847
80535
99769
83755
49351
49351
1465
38336
13680
54677
83358
67611
41828
83358
60264
38218
87847
11184
14002
6011
75866
1465
52223
52223
37175
87847
80582
19438
67611
80249
69192
11842
41828
93275
58061
67611
52223
54677
75866
46973
10927
90447
37175
76943
36783
14002
8326
1465
42536
38218
90447
67281
6011
96873
74144
18693
36783
49351
87027
6011
93275
69192
71986
49739
893
52223
87027
93275
81077
9340
35212
87847
51502
93818
33785
60358
51502
75866
87027
44918
94374
81674
83755
80249
83755
94374
71986
6011
19438
51502
41088
83755
11184
24087
69192
46973
74144
78745
76943
83755
58061
93818
40345
80189
1465
8617
90447
80535
86873
86065
51502
90447
51502
83755
41088
57295
54130
86065
42536
33603
24098
893
60557
24087
58620
4966
49524
14210
30498
38336
221
14002
13680
80249
96768
33785
87847
58938
46973
11842
37175
58061
80582
93818
24087
76402
96873
59192
89496
59192
87027
74144
13680
87027
13680
90447
67281
6015
95217
34719
49351
67281
33785
49524
87027
54130
42536
80249
54677
46973
80582
57295
80189
9340
70127
35212
58620
8326
76943
70127
34719
67281
33603
67611
18748
58938
87027
67611
58938
74144
27598
70127
40345
29169
221
40345
38336
13746
75866
8356
59192
60264
60358
8326
96873
76402
58061
6011
87847
60557
93695
8326
96768
37175
86873
44133
60557
91630
38218
80249
96768
52793
14002
78745
69353
9340
8326
18748
35212
18693
24098
52793
81674
67611
59192
86065
58938
49739
90447
83966
54130
83966
8326
13746
41088
59192
75866
86065
93818
4966
86873
36783
58620
6015
35212
11184
83966
44918
61655
87847
13746
18693
40664
18748
80582
89496
36783
36783
80249
44133
58620
27598
37175
80582
93818
11842
