84274
84274
84274
84274
84274
84274
84274
84274
84274
84274
84274
84274
84274
84274
84274
84274
84274
84274
84274
84274
84274
89830
84274
89830
84274
84274
84274
89830
84274
84274
84274
89830
84274
89830
84274
84274
89830
89830
89830
84274
84274
89830
89830
84274
28095
89830
28095
89830
84274
84274
84274
28095
84274
89830
89830
89830
28095
89830
84274
28095
84196
28095
84274
84274
81789
84274
28095
89830
83552
81789
35598
84274
50363
28095
60326
50363
89830
35598
89830
60326
81789
60326
35598
35598
28095
89830
89830
35598
50363
28095
84196
35598
28095
84274
69309
84196
28095
89830
84196
89830
96903
50363
28095
84274
84274
60326
28714
60326
50363
69309
28714
28095
69309
50363
24971
84196
69309
89097
24971
60326
35598
91788
84274
28095
56823
35598
56823
28714
89097
96903
69309
35598
24971
89097
81789
84274
24971
28714
84274
89097
96903
84196
24971
69309
24971
24971
89830
60326
28095
28095
84274
96903
84196
50363
83552
28714
28095
24971
50363
83552
83552
60326
96903
96903
89830
60326
84274
28714
84196
69309
50363
50363
83552
24971
60326
28714
89097
89830
89830
81789
69309
83552
35598
56823
28714
56823
84196
35598
28095
84196
60326
28714
28714
96903
69309
24971
56823
12835
81789
60326
81789
91788
69309
84196
89830
29251
9088
89830
28095
22849
28714
28714
91788
22849
33755
83552
83552
98598
50363
84196
22849
98598
69309
89097
83552
35598
56823
91788
60326
98598
35598
35598
2761
9088
28095
50363
60326
98598
56823
35598
81789
96903
22849
96903
56823
22849
33755
98598
98598
41784
84196
24971
89830
59704
12835
91788
28714
83552
41784
2761
84196
9088
33755
50363
39949
96903
84274
33755
60326
60326
22849
84274
24971
24943
41784
98598
98598
33755
22849
36460
59704
24971
28095
56823
98598
41784
35598
96903
56823
27816
83552
12115
98598
35598
89830
59704
84274
24943
96903
22849
27816
56823
36460
89830
98598
24971
39949
9088
98598
83552
24971
83552
2761
41784
84274
84274
96903
84196
60326
22849
33755
84196
12115
12835
26157
28969
41784
28969
56823
28095
35598
36460
33755
81789
28095
83552
91788
28714
69309
33755
56937
84196
22849
84274
56823
23870
28095
33755
41784
83552
89097
12115
53780
56937
59704
96903
28095
59704
12115
69309
2761
84196
56823
94255
81789
46602
28095
71170
27816
23870
2761
60326
60326
27816
28714
46602
41784
59704
89830
60326
56937
89097
36460
50363
89830
12835
12115
28095
39900
5378
91788
9088
24971
91603
84196
39949
74411
24971
84196
59704
84274
41784
56937
74411
12115
12835
16606
39949
12115
5378
2761
39949
89830
28714
24943
27816
36460
84196
74104
5378
16606
24971
71170
96903
84274
98598
9252
60326
33755
28969
89830
41784
36460
22849
59704
12115
98598
12835
89830
12115
12835
56937
24943
96903
84274
49239
33755
27816
16606
36460
69309
33755
46602
91788
22849
84087
28969
32147
61734
23870
24971
53780
61734
71170
24971
94255
12835
56937
5378
94255
69309
49239
28714
74411
28969
5378
96903
28969
60326
56823
28095
54411
23870
91603
256
23870
96903
24943
69309
96903
61734
91603
60326
56937
61734
71170
61734
54336
84196
12835
28969
96903
71170
94255
91788
24971
12835
49239
24971
46602
54336
5378
74104
34132
91788
54411
46602
83552
98598
28969
23870
45840
45840
2174
28714
39949
69609
71170
9088
5378
61734
54336
35598
34132
35598
23870
84274
61734
46602
94255
46602
96903
28095
28714
39835
56823
54684
28714
39835
28095
33755
89830
74411
69309
28095
54411
94255
91603
28969
74411
27816
41784
36460
94255
94255
256
83552
28714
24971
54684
35598
12835
74104
74411
2174
54242
74104
91788
46602
41784
28969
35598
69309
41784
24971
39835
84196
84087
35598
16606
27816
28095
91788
84196
41784
28714
54242
41784
35267
61734
71170
46602
35598
89097
36460
23870
15182
50363
27816
28095
39949
98598
61734
2761
35267
56823
28969
89097
51167
59704
29074
50363
54336
74411
54242
34132
28969
10473
22849
71170
98598
2174
54242
2761
36109
54242
10473
74411
35598
91603
91603
69609
24943
54242
16606
35598
71170
98598
28714
34132
12115
94255
16606
256
51167
23870
39835
51167
84196
56937
23870
36109
92127
74104
24971
89830
96903
84196
12835
89097
28714
89830
60326
82511
27816
44208
56823
34132
25873
2375
51167
92127
71170
49239
89830
84087
91788
53780
29074
9252
53780
40400
44208
2375
2174
83552
22849
91788
45840
23870
49239
28095
69309
28969
49239
36109
71170
22849
2761
98598
8827
91788
96903
24971
23870
16606
82511
39949
81789
74411
256
9088
84274
2375
56937
2375
28095
35267
84274
15182
9252
74411
9088
45840
35267
2761
84196
34132
84196
45840
71170
24943
33755
35267
53780
39949
61734
94255
2761
92127
80426
83552
15182
22849
69309
59704
89097
94255
5378
56823
62743
28969
91788
81789
46602
28095
2761
56823
9088
12115
45840
84087
5378
8827
69609
82511
84274
35267
53780
53633
36109
28714
22312
46602
82511
98598
35267
80426
94255
91788
81789
35598
13852
16606
34132
91603
16606
74104
74104
89097
84274
40868
20020
84237
13852
74411
74104
82511
22849
9088
9252
5378
82511
9252
49239
2375
35267
39949
27816
56823
2174
54336
16606
22849
41784
56823
69363
45840
40400
60326
92127
23870
53111
74411
74411
34132
60326
28095
10473
22312
96903
35267
28714
24943
80426
53111
69609
2375
43781
35267
10473
91070
53633
28969
83552
44208
12115
69309
91070
53633
62378
74104
2761
33755
54242
91603
50363
35598
81789
5378
53633
74104
256
22312
256
29074
27475
69309
54242
46602
16606
43781
69309
5378
19272
12835
82511
1611
89830
80426
5378
16606
23870
43781
24943
49239
48181
89830
27816
12115
92127
33755
51167
12115
35267
22492
2174
28714
60326
76138
54684
54411
44208
79506
74104
40400
39835
79947
69363
28095
91603
50363
91603
56823
23870
9252
48181
51167
98598
5378
8827
36109
81789
13852
91603
16606
12115
19272
39835
10473
80426
56937
91603
27816
22312
98598
92127
22312
36460
54242
49239
69609
14970
76138
62743
48181
91788
62743
46602
24971
33755
84237
27475
91788
50363
82511
94255
36460
60326
13305
41784
84087
49239
92127
28095
48181
94255
92127
62743
24971
19272
39835
50363
53780
33755
84196
13852
54242
56937
10473
12115
74104
76138
7031
28969
27816
39835
54336
8827
36460
46602
13305
91788
59704
45840
62378
13305
54684
84274
79947
16988
9761
5378
92127
84237
33329
63762
28969
82511
39835
34132
54411
92127
44208
56937
39949
74104
31661
5378
79947
60326
46602
60475
14970
45840
60326
27475
10473
53111
35598
53633
48181
89830
74104
14970
28714
66457
2761
41784
79947
39835
9088
1611
9761
54242
84087
28714
70902
31368
2174
82511
79947
39835
94255
47175
7031
61244
84087
49239
2174
22849
71170
66457
82511
53633
60326
84087
83552
11533
47175
2375
8827
79947
89830
61734
60326
91070
56823
63762
89830
61734
97082
22312
13305
18021
28969
61244
84196
19272
84196
45840
60326
41784
81789
12835
56823
28969
91788
62743
43781
53111
61244
22849
69309
76138
36460
13252
54242
10473
19272
53111
50363
9761
12835
61244
28095
41784
79947
39803
94255
84274
44208
46602
2375
62743
54336
84237
2375
54336
56937
36460
12835
36460
84274
5497
22312
32461
69363
39835
54411
89830
35598
74411
84237
39835
54411
2761
9252
82511
9761
13852
22312
83552
37561
56823
71170
83552
49239
2174
35598
59875
53111
62378
11533
89097
8827
35598
8827
59704
92127
7031
35598
15182
10473
87507
81789
66457
54242
31661
31368
15182
35598
23870
43781
96903
79947
36460
82511
31501
69609
54684
10473
69309
44208
69309
53111
84548
12115
39248
14970
32183
12115
84274
62378
81789
24943
89097
89097
62378
256
74411
50363
91603
54336
33755
56823
67481
13305
83552
69363
46602
27816
41046
43781
97082
97082
82511
54242
46602
82511
84087
80426
1611
71170
33755
41784
95498
80426
62743
2761
91603
61244
79506
77783
33050
76138
9252
84220
16606
35598
84196
2174
50363
63762
87843
91495
28095
69086
98598
76138
74104
56823
45840
54242
84237
24943
69363
818
62743
69363
61784
71170
28714
36460
91096
79506
94255
39835
35598
35598
91070
53111
18021
80426
41784
12658
60326
81789
54684
33755
53111
66457
18021
62378
31368
18021
47167
43781
28095
39949
62378
35267
16606
96903
44208
46204
95184
54411
7031
15182
91788
31368
53780
35598
79947
2761
9252
27475
96903
60475
80426
24971
17954
41784
41503
61734
10473
83552
28095
256
91788
84087
40400
13852
84196
74411
60326
79947
18021
92127
16712
27816
1611
46602
41784
1611
22849
90789
5378
5378
56937
91603
23870
28714
89830
94255
11533
84237
89830
24366
22849
79947
13305
91788
16606
89097
28095
9088
12115
35598
2375
81789
47175
71170
56937
46602
62378
12115
43781
22492
10473
2761
82997
13852
10597
51811
33755
60475
35598
34132
10137
12835
48181
53111
53780
71170
24971
60492
22492
36109
1611
54411
71170
36460
54242
71170
50363
76138
9088
36460
91726
59358
84196
22849
96903
48181
24943
74944
98598
5378
61244
44208
56937
54411
84237
91603
28714
7031
13305
97082
25985
66457
49239
53633
40400
9761
48181
31661
29074
60326
74411
60326
62378
80426
41784
19372
44208
7031
77969
33755
53780
29074
15182
2375
89097
19272
35267
10473
83552
2174
28095
76138
39835
22849
2761
84274
82511
53780
54411
48181
40400
9088
92127
39835
76138
92127
31661
24943
29074
60326
84274
35267
48181
92127
74104
53111
7031
79947
16606
74104
79947
35598
61734
43781
2174
69309
96903
63762
84237
45840
13305
9252
22849
53780
28095
71170
63762
24943
63762
29074
84087
13305
53633
59704
36460
91070
1611
66457
13852
2174
35598
5378
5378
8827
46602
22741
14970
23870
8827
80426
39949
22492
27816
61244
54684
31661
61734
11533
56823
71170
92127
10473
76138
18021
29074
84087
22492
34132
95760
28714
8827
22312
84196
84196
81789
2174
83552
39835
33755
24943
89830
72528
81789
24943
98598
54411
19272
97082
97082
69309
98598
48181
9252
49239
56823
30215
91570
14970
40400
50363
13852
54411
28095
54242
97199
39835
36109
28714
53633
27816
80426
14970
10473
34132
12835
7031
53780
20304
91070
75978
61244
16157
91740
51167
84274
9252
82036
98598
41784
54336
74411
46602
28969
49239
10473
53780
89830
35267
33755
96903
91603
51167
22831
60326
84237
35267
56823
97082
76138
24943
31368
54336
7031
52167
82511
11533
74104
39949
27816
53780
60475
24971
62378
69363
2761
91603
14970
21330
13305
54242
34132
2761
62743
9088
45840
8827
84196
49239
79506
12835
9252
45840
28095
61244
10473
35267
39835
69363
79947
89097
35267
89097
28969
44208
2761
27475
74104
11533
18889
5378
22492
2174
97082
27475
27475
35267
61734
28095
10473
24971
89097
91788
10473
60326
98598
28969
24943
33755
13852
34132
39835
5378
12835
32614
84237
46602
92127
56823
29074
16175
48181
98598
83552
91378
46602
31368
83552
92127
22312
89097
56823
74057
22312
12835
79947
6902
1611
47175
41784
77612
79506
24971
8827
54242
89830
9761
39949
60326
84237
80426
84237
2174
79506
98598
59704
50810
83552
39949
19272
69609
28969
79506
28714
62378
39835
37239
80426
62378
40218
84274
53633
62378
36109
23870
8827
62743
39949
14970
53780
44208
16606
84087
44208
44208
98598
22849
15182
35598
91603
74411
34132
48173
51167
24971
61244
39949
69309
56823
89830
22312
84196
28095
84274
59704
83095
71170
79947
35598
24971
28095
14970
73441
28969
53111
15182
91070
28969
1947
27182
27816
71170
89097
91603
18266
2375
91070
66457
8827
96903
45130
83704
2761
43781
81789
54242
31368
47683
92127
89830
89097
63762
96903
12835
39835
54242
9761
81789
35267
84237
40400
46602
24971
2761
89097
7031
10583
28969
96903
9761
62378
59704
22492
29074
79506
49239
41784
76138
64456
8827
9252
40396
89830
96903
91788
36460
35598
59428
49239
9252
9968
22849
84274
96903
10473
12115
76138
8827
12115
7031
51983
54242
10473
92127
256
12835
69309
44208
13852
22849
76138
2375
35267
35267
19959
84196
13852
66457
89830
91603
46534
48181
53111
10473
9252
76138
9088
22492
61417
60475
35598
2174
54684
61734
80426
83552
33755
91603
53215
78681
84196
22312
1611
50363
10473
56823
43781
89097
84087
45840
36460
22754
11533
43781
92127
19272
91603
22312
12115
27475
98598
50363
82511
256
2761
69162
63762
2375
68091
83552
7031
29074
62378
2761
59704
33755
22492
54684
60326
36109
97082
69309
91070
67431
256
79947
66457
36109
82511
48181
12835
53111
9088
73654
10473
8827
256
89097
31368
84087
13305
49239
36109
12115
59704
27816
13305
36109
46602
56823
1611
