751
52394
52394
33934
751
751
52394
52394
33934
33934
33934
33934
751
29256
52394
751
52394
751
52394
29256
751
751
80833
751
90666
80833
33934
80833
33934
33934
27117
33934
90666
27117
29256
52394
29256
27117
33934
90666
52394
29256
29256
73975
52394
52394
80833
27117
33934
90666
80833
52394
27117
99710
52394
90666
751
29256
80833
751
751
90666
27117
90666
80833
29256
73975
751
29256
27117
80833
52394
33934
27117
27117
29256
90666
73975
80833
99710
73975
29256
99710
99710
751
80833
19295
33934
27117
80833
73975
19266
751
90666
49850
49850
99710
29256
33006
58786
29256
33934
99710
6627
6627
6627
57082
19295
74676
751
19295
19266
99710
80833
74676
73975
33934
6627
29256
90666
27117
5002
90666
80833
73975
16405
74676
73975
58786
73975
19295
79538
6627
29256
99710
5002
27117
17407
19295
86380
33934
99710
52394
6627
90666
19295
29256
86380
17407
17407
79538
52394
74676
58786
86380
79538
58786
27117
27117
27117
55927
52686
6627
17407
751
49850
52394
52686
52394
29256
19295
80833
74676
6627
90666
56963
80833
6627
19266
74676
49850
52394
19266
86380
52686
751
5002
80833
99710
99710
6627
6627
80833
90666
57082
56963
74983
80833
57082
90666
52686
751
52686
17407
52686
65846
17407
20067
52686
65846
15429
5002
74983
36116
79538
33934
2560
751
79538
58786
80833
25579
86601
65615
29856
17407
2560
33934
26753
29256
19266
49850
36116
56963
26753
5002
29856
16405
19295
19266
17407
58786
52686
57082
57082
36116
56963
74676
99710
26753
83046
80833
74676
751
52686
29856
87063
65846
36116
20067
6627
6627
73975
73975
99710
19266
57082
84106
2560
29256
20067
87063
52394
29256
58786
36116
74983
89689
17407
89689
52686
84106
73975
2560
73975
751
38684
87063
49850
74983
16405
2560
6627
26753
36116
27117
36116
19266
78409
15429
2560
65846
27117
52394
79538
74983
65846
29856
19295
65846
99710
65846
89689
15429
27117
65846
56963
86380
84106
90666
99710
90666
5002
78409
38684
57082
79538
65846
19295
89958
58786
78409
38684
2560
84434
79538
19273
20067
52686
58786
90666
27117
52394
84106
751
36116
28655
15429
50014
4961
49850
26753
58786
89958
73975
4961
80833
74983
84106
5002
83046
22840
20067
74983
83046
2560
84434
56963
29856
56963
5002
19266
79538
52686
73975
49850
73975
83046
15429
84106
89958
87063
53162
751
20067
19295
70544
5936
69383
52686
86432
15429
83046
28655
73975
26753
7678
5002
86432
87063
7678
2560
29856
86380
87063
58786
87063
57082
3083
15429
86380
87063
56963
2560
53162
39275
52686
7678
69383
80833
20067
52686
69383
83046
26753
15429
5002
87063
28051
84434
99710
80833
78153
49850
94901
78153
2560
22840
87063
94901
58623
69383
89958
19266
20067
84434
81121
97448
6627
2560
27117
90666
87063
58623
97226
75180
28051
53162
22840
53162
65846
65846
36116
90666
28655
65846
75180
90666
6627
25995
90666
5002
28771
86432
3083
74983
83386
49321
4961
49321
27117
84434
87063
6627
28771
4961
64413
39275
29256
74676
90666
19107
19273
53162
7678
16405
83046
65846
22840
78409
89689
54423
59032
56963
25995
53162
25995
69383
86380
6627
38684
28771
75180
27117
80833
751
33934
39275
15558
97448
61147
6627
36116
89958
39275
65846
89958
28771
75180
86432
57082
751
79538
29856
31179
87063
26753
72977
89689
75180
19295
69383
16405
26753
751
25995
83046
61147
26753
92517
79538
86380
56671
65385
19266
74676
58786
29256
94901
78153
89689
53162
89689
74676
79538
85532
16405
90666
98351
2560
68381
38684
19107
87063
86432
73975
7678
89594
70440
87063
86380
94901
19266
58786
36116
63101
85532
29856
59032
19273
751
71838
3083
751
92517
58786
59032
72977
17407
49321
67213
69383
31179
97448
99710
53162
20067
90666
26753
41999
751
53162
79538
27117
74983
19295
71838
71838
90666
79538
29256
84106
19107
87806
29256
67213
58786
58786
49850
65385
86432
67213
87063
94901
2463
19273
5002
94901
85532
66691
81029
89958
4961
17407
61147
28655
74676
19273
20067
5002
39275
19295
73975
72977
81464
74676
36116
56963
3083
71838
29856
97448
78409
87063
87063
83046
63101
58623
86380
59032
61147
81464
78409
28655
74983
33934
25995
86380
26753
20067
15429
39275
76830
20067
19266
43401
86380
19295
86432
49850
4961
58623
97448
27740
28051
63101
87806
89689
79275
49850
87063
27117
15558
99710
3083
49321
28655
72977
56963
86432
63101
15558
90666
79538
28655
52394
84106
27740
2463
69383
2560
52686
11832
79538
52394
76830
26753
89621
61147
72977
64413
86530
31179
67213
85642
83046
26753
74676
52686
75180
86380
74983
29856
75180
85642
86380
69383
84434
56963
84106
29256
84434
85532
2560
71838
78153
81029
28655
79275
81464
49320
57082
49320
86380
84106
59032
2560
20067
97448
80833
19266
33826
67285
43401
92517
49321
11832
31179
87806
83046
20067
86432
61147
92517
38684
97448
2463
75180
89958
52394
52394
69383
10778
56158
2560
15429
57082
11832
27117
7678
28771
61147
74983
26753
76830
49320
7678
51176
79538
49320
2691
28771
53162
69626
80833
16405
84106
69626
69626
81464
49850
19107
4961
20067
81029
89958
19295
56963
86530
52686
43401
84243
56963
3083
6503
53162
6627
56158
56963
84434
74983
52394
84243
26753
15429
72977
11832
58786
65846
71838
25995
89621
94973
751
16405
52686
41999
29256
99710
78153
58623
7678
19266
22840
17407
65385
84434
28655
85532
87063
92517
57082
90666
36116
26254
81464
61147
61147
88484
84001
49321
31179
61147
78153
19266
6627
31179
70440
89621
81464
84434
51176
4760
86432
61147
75180
81464
65958
63599
78153
15429
64413
38684
69626
69626
78153
69626
29256
99710
6627
72977
22840
70440
89958
2463
4760
67285
3083
84001
74983
59032
26753
19295
28051
89958
52686
11832
79275
5470
11832
80833
67213
25995
43401
15558
2463
38684
43401
28655
79275
57082
5002
26625
85082
84106
7678
6627
87063
86530
87063
81029
53162
19273
65385
6503
53162
84106
26753
75180
16405
31179
67213
27117
19295
84001
19295
76830
53162
43401
481
58623
88135
52686
59032
52686
60402
19266
65385
58623
15429
72977
38684
58092
4961
22840
29256
74676
61147
15558
19295
39275
98902
2463
85642
73975
92517
73975
22840
751
15429
73975
4760
39275
94973
49320
85532
15429
73975
17407
86380
47044
69626
20067
84001
58786
57082
89621
70776
38684
29256
33934
61147
97554
74983
2560
3083
69383
16405
58623
2691
61147
65385
68381
28044
6503
84262
84106
85532
57082
15429
87063
49850
99710
43401
72977
78409
7678
28655
40933
56963
71838
58623
84434
79275
1553
11832
79538
38684
56963
3083
4760
68381
6627
58623
50244
751
74676
75180
92517
51176
84001
28771
29856
16405
83046
19295
76830
27740
4961
26254
4961
74983
28051
67213
92517
2691
78153
94973
15558
72977
68381
20067
58786
30005
58786
49320
76830
25995
4961
67285
92517
75266
5002
6503
53162
78409
76830
92873
79538
36116
8028
86530
52686
74676
59032
74983
6627
66258
86380
86530
19273
89958
93982
78409
58786
29856
67840
87063
74676
52686
19273
67213
29856
99710
80833
27117
20067
65385
85642
53162
63101
81029
58786
77543
84106
16405
15429
98351
59032
84243
36116
60300
47388
74676
26753
56158
16405
16405
2463
79538
60108
29856
27117
94381
19107
81464
29256
68928
83046
25995
81464
86432
32491
18231
43401
52394
73975
76830
87063
73975
52394
58786
2560
79538
20083
54997
25995
68381
19273
49321
19273
6627
7678
68381
19266
52686
58623
36116
24928
65385
43401
74281
31179
25325
16405
20067
28051
87806
15558
65385
48803
79538
19266
79275
26254
2463
62730
25995
78153
78409
3083
70440
81464
58623
12682
28655
19266
84434
96786
2560
19295
53162
84434
87806
74676
4760
53162
5002
85642
7678
87806
63599
5002
19107
97448
90666
51176
78409
63101
94973
11832
90666
41666
74983
71838
86380
25995
81029
53162
22840
73975
67285
67213
25995
65385
39275
51867
26030
24194
11832
6627
80833
84243
65846
84001
52619
79275
38684
70261
6897
538
25995
15429
97448
87806
59032
43401
94901
61147
67285
91597
83046
2560
2691
79538
94973
52363
29856
75180
28771
11832
91158
59452
92517
86380
751
19107
20067
58786
61147
63101
87806
94901
49321
7678
78153
27117
84243
32901
36116
16405
56158
2463
49321
97448
57082
11832
57082
79538
58623
86530
26753
81464
16405
1016
4961
73975
751
79275
85532
86432
25995
63599
26254
69631
19273
7678
90666
56158
98351
96275
79275
56158
51176
79538
29856
99710
61147
28655
81029
27740
81029
2691
74172
80833
85642
76830
28051
68162
83046
92400
63101
56963
19266
28771
97448
87063
26254
85532
72977
84434
78021
29856
80094
78153
94973
99710
78409
49320
51176
87806
89958
56158
78153
74983
49850
84001
72977
33359
85532
49850
3485
8672
75180
69626
83046
84001
94973
38684
63101
97448
5946
84434
84434
58623
28051
751
28771
4961
4961
84106
73975
65385
89621
16405
68381
74676
19295
96674
69175
84765
63599
22840
67213
70440
67155
68381
19107
64413
85532
52394
25995
26254
84001
92517
19273
25995
51176
65385
56963
29856
81951
4760
84001
93037
65025
34537
67285
19295
89621
64413
56963
78409
87806
81007
45027
79538
52394
63722
4760
89958
65385
84106
15558
94973
2560
59389
84001
2560
25216
79275
86530
74983
49320
4961
84001
52686
79275
28655
67285
99710
20067
28655
65385
6627
19273
41999
33934
89958
26258
79538
2463
74983
84001
22840
81464
17407
89621
57082
85532
7678
71838
15558
64413
93269
69626
71838
57082
751
76343
15429
40167
15558
71838
49850
79275
89621
84001
59032
52394
6503
67213
79538
31179
87806
67213
53060
98351
30644
39275
80833
19107
74676
33823
49321
26254
69626
58786
84001
4961
98351
31179
76831
49320
67285
78409
92517
71838
76403
98351
53162
89689
25995
70440
2463
36116
84434
98351
89958
87806
56963
78409
79275
49320
81464
84001
75180
71838
25995
79538
56963
63101
19273
78409
28771
94973
70440
65846
2463
49320
26753
29256
87806
81029
348
59032
70440
15429
78153
89958
56543
58623
2691
5002
3083
65846
3083
79538
53162
70440
28655
56158
27117
27117
73975
19266
26753
87806
15558
7678
99710
56158
27684
81464
49850
39275
64413
64413
81464
28771
79538
76830
2463
89958
49320
27740
78409
59032
16405
58786
19266
76830
28051
91984
2463
65385
53162
57082
92517
65385
2691
25995
20067
15429
6627
65385
2560
15429
11832
79275
48847
33934
58786
71838
41999
19266
28771
19266
15956
2560
65846
68381
89621
39275
79538
26753
51176
19266
52686
36116
15429
47003
63599
25995
25254
19273
68381
75180
4760
33934
84106
29856
81890
6503
7678
80833
58623
25995
79538
31787
92517
2463
4961
97448
90666
70440
20067
80833
81464
59032
35503
57082
98351
58623
78409
77896
76830
65846
53162
86380
89689
59032
75180
2560
2463
6503
2691
27740
2560
67285
92517
28655
89689
94973
92517
31179
5002
3083
84243
98351
22840
51176
86530
11832
16405
17407
28655
57082
59032
84434
4760
2463
84243
92517
86380
84434
27117
92517
92517
26753
51176
26753
69626
64413
78409
16405
4961
72977
15558
79275
73975
41999
64413
65385
29256
2691
58623
99710
52560
94901
76830
27740
89621
84434
53162
68381
79538
98351
58623
15263
49321
49321
52394
9078
38684
84106
41999
84106
28771
53162
92517
39275
5002
87852
82928
85642
80833
6627
94901
94901
74983
74676
58390
11832
72977
86380
41999
25995
81464
31861
89621
79275
90981
59032
28051
86530
72977
6503
94901
7678
19107
89621
32552
81029
15558
84181
87063
76830
53162
63599
86432
11832
27117
11832
52686
58623
92517
85642
19295
29856
97448
74676
27740
27117
2691
81029
45385
80833
85642
84001
86530
65846
16405
98351
31179
51176
67285
97448
2463
74653
36116
97448
74983
86380
84106
84243
39275
22840
41999
49850
91714
27740
75180
7324
58786
84243
89621
36189
86380
92517
94901
86380
87806
78915
3083
2691
49321
7678
79275
52394
90666
751
84434
8559
80833
79538
28051
38021
71813
79538
81029
31179
50885
75180
75180
76292
4961
89958
85642
70440
83046
56158
72676
41999
28771
17407
2463
19266
64413
45007
57074
67285
28051
86530
84434
89621
86432
19273
84434
83046
69383
76830
26254
79275
20067
7678
4760
4760
3083
57984
39962
99710
64813
11832
49320
94901
29256
68381
16405
81464
81029
65846
65385
84243
89621
26254
79275
49850
49320
16405
7678
63101
67285
70870
73975
57082
97448
49320
19273
86432
71838
53162
99710
97894
36116
59032
28655
67213
43401
99710
20067
5675
84106
74983
90666
94144
19266
86432
19295
19266
27740
27740
99710
19273
15429
72977
22840
39275
5002
79275
19107
94901
11832
98351
751
75180
90666
2691
39275
86432
86938
89689
86380
78409
751
78409
28428
84001
26254
5002
78409
87063
50353
16405
31179
94973
81029
81029
64413
27740
66942
58786
3083
26254
3083
15429
59301
16405
49320
85642
65385
71838
85771
71838
88159
27740
15558
67213
52394
70440
29856
27022
56158
89621
49321
84243
84106
19273
78153
65846
68381
25497
89621
83046
87063
53162
2463
58786
94973
19273
2691
61205
10168
70440
5002
72417
94973
67213
78409
53162
86530
65846
87063
86530
2560
19107
26753
29256
81029
45236
19266
57082
87063
78153
64894
53162
58786
61366
38684
81029
68381
38930
89621
15558
5002
87063
98351
86432
78409
19295
69383
79439
98351
3083
71838
89621
35590
73975
59032
69383
72977
64413
78153
69626
19273
3083
80833
6503
65846
69626
78820
89689
74983
84243
86380
89621
86380
63599
6503
8296
43480
43401
56963
29856
30678
2560
76830
25995
49267
17407
28655
63101
27117
52394
25995
68381
71838
41999
29856
6503
19295
41999
25995
28655
41999
28200
85642
67285
4760
70440
27740
26254
92517
29856
90666
27740
63599
84434
2691
92517
19266
36116
61147
85532
31179
39275
87030
41146
85532
56158
74676
3083
78409
84106
99710
73975
99710
43401
19295
83046
16405
25995
19295
69626
6627
59032
15558
28655
5002
15429
72977
64413
28655
87063
2691
31179
84001
4760
77188
5002
39275
19295
4961
70440
57082
74983
81464
67213
87806
18956
78409
99643
90666
89870
84434
28051
6503
53162
16405
74983
78409
11832
6627
79538
90666
64413
64413
81464
58786
56158
81029
6627
19107
29256
59032
87063
6503
62164
57082
6627
49321
76830
98351
29256
5002
31179
72977
78409
27117
28655
87806
2560
73367
89958
79275
84434
63924
63101
63101
73975
67213
19727
28771
59032
85642
57082
26753
94901
89958
56158
28771
57082
65277
28771
22840
71838
28771
29256
85532
86432
70440
87937
65385
76855
72977
28655
82091
86380
99710
89621
56963
67213
28051
73975
27740
17407
92517
29856
72977
92517
14662
33934
51176
52394
72977
49320
2949
75180
87806
22840
85642
85642
70440
58623
15429
97448
52686
22840
29856
65846
87063
83046
71838
86432
22840
64413
49321
65649
19295
16405
15558
15558
85642
26753
19266
73975
78153
94901
81464
67285
94901
99710
68381
66197
28655
93810
84106
26254
98351
17158
73975
67213
2691
71838
5002
43401
15429
64413
21562
87063
6627
85642
41999
65846
85642
20067
87063
84243
61685
38684
94901
98351
15558
29256
16405
72977
63101
84106
94973
26212
73975
33934
27117
6503
38684
2560
27117
19295
15429
9932
84434
87806
6503
26753
70917
41999
72977
41999
5002
31179
67213
76830
89621
51176
2691
72977
90666
94901
51176
62123
57082
32269
29856
20067
98351
85642
84001
49321
71838
61147
99248
85532
9928
29256
25995
98351
29256
36416
11832
89689
45366
26254
751
80833
2691
6738
73975
71838
70440
74676
81029
65385
94973
65846
84243
63101
85642
25995
4760
47488
76830
19266
5002
85532
23464
97448
2560
59790
58623
86380
84106
26753
5299
15558
28771
19107
69383
97448
49320
68773
751
99710
98351
28051
4760
52394
49320
65846
52686
64413
72977
79538
90666
15429
94901
7678
65846
86432
33934
28051
59032
3824
52686
19295
98351
85532
84243
25995
64463
16405
83046
2560
5133
7678
63101
38051
57082
22840
39275
84243
85642
20067
74983
94901
49321
89958
98189
7678
2691
3083
56158
49850
26753
86530
19273
76830
28655
81464
56963
86380
31179
71838
4760
70440
4760
27117
3083
64824
87063
15429
28655
4760
52686
6332
5002
63599
97677
52394
44101
19295
84434
72977
74676
86432
58623
17352
59032
31179
92480
59032
84434
89689
84106
84243
2463
41999
33355
29856
25995
29256
68381
76093
86380
63599
38684
79538
86380
2560
43035
751
4760
88634
6503
65846
3083
15558
31179
65846
74983
28051
15558
89958
11511
57082
4961
29856
81029
19273
751
73975
27117
69626
56963
94901
78409
86530
58786
49320
71838
3083
81249
4961
92517
73975
64413
99710
83046
56158
65846
59032
29256
74676
11832
75180
89689
89689
81029
27740
86432
36116
19266
69383
15429
57082
27740
84106
31179
11832
19273
3083
87806
20067
2560
78153
89621
30907
76830
81029
87806
38684
99710
20067
4760
84106
2691
19273
15429
4961
2463
43401
15429
65385
63101
45280
15429
69383
84434
64413
26753
89958
83654
85532
83046
85532
28771
89689
81464
16405
73975
58786
4961
89621
19107
41999
49321
6503
57082
15429
35262
87806
65385
6627
74676
70440
19266
84001
11832
64413
56773
86432
49850
11832
4961
85642
17407
52394
29256
99710
94901
41999
52686
58786
79275
45331
92253
92517
84001
29856
58786
74983
89689
90666
26753
72977
2691
94973
33934
81464
19295
19273
6627
87806
69102
28771
89621
68381
2560
78409
12669
92517
6627
86530
51176
52686
84243
19266
76830
79538
19273
97448
53162
56963
16930
6627
92517
94901
49320
68735
89689
27665
58623
4760
83046
89689
52394
86380
94901
5002
98351
49321
72977
81029
63101
53162
81464
51176
31179
84001
89958
76830
3083
49850
63101
19273
25653
15558
2463
72977
15558
22840
41999
57082
45684
29256
6503
84106
52686
6503
59032
74983
58623
26753
94901
41377
81464
79538
25995
78153
86530
58623
92517
38684
5002
65464
56963
49850
92517
63101
85532
84001
89958
69383
26254
27117
85006
58623
20067
69383
52686
3083
27740
51176
12322
751
65385
41999
85532
98351
89958
38684
75180
28051
84243
27117
26753
85642
49320
84434
65385
11832
61147
31179
15429
74676
20067
84001
17407
87806
86530
64413
14195
70440
71838
49320
16405
90666
84243
28655
81029
63599
80833
67213
86530
86380
98351
2463
49321
4961
16405
56158
19295
20067
39902
53162
20697
86530
65846
81464
84243
74676
29256
19295
84106
69626
28051
74983
19266
20067
5002
70440
15558
99710
7678
57082
78409
36116
56963
73975
69626
80833
87806
39275
94973
3083
36419
84106
58623
78409
85532
55494
98351
15429
19273
24896
28051
2560
84434
19266
65385
79275
33934
86530
52394
67285
15558
6627
67213
29856
11832
90666
74983
9378
3913
69626
75180
15429
69383
84001
89621
33934
86530
41999
81029
57082
25995
86432
29119
19107
25995
71838
47817
58786
43401
67213
2691
99710
84243
10546
68381
36116
67285
26254
29256
87806
86380
78175
24399
11832
43401
6627
76830
86380
53162
71838
49850
4760
6503
53162
89958
68381
51176
13684
65846
87063
17407
56158
15887
81092
19266
56963
43401
25995
86530
94901
3083
28771
72064
58623
9861
29256
43401
25995
4961
64413
79275
69626
36116
83046
70091
65385
12515
29256
84434
59032
20067
90666
17407
19273
53162
29856
6503
49321
86432
27089
5002
87063
61147
89689
73975
75180
51176
76830
4760
56963
76360
53162
84243
53162
15558
84243
94973
25995
67213
28051
28771
27746
86380
36116
29856
61147
31179
75180
59032
6627
85642
78409
4760
58623
6503
69626
52394
75180
76016
16405
84434
81464
98351
29256
10026
81464
39275
38684
95764
62807
17407
28051
11832
87806
85642
51176
81464
41999
87063
64413
51176
87063
20067
67309
63101
19266
94901
81029
99710
67213
80833
16405
69626
33934
86530
15337
19107
79538
49850
2691
4961
61942
46871
86432
80833
84001
18887
6627
68381
89958
94901
3083
71838
89283
19266
48157
81029
20067
94901
19107
67213
69626
6627
89958
87806
28051
37643
29856
31179
68381
86380
80833
89689
25995
70440
71810
29856
99710
2691
76830
27740
52394
84106
25995
67285
85642
58786
28051
69383
47975
87806
31179
84001
17407
56158
49320
26753
2691
67213
56158
63599
6627
65846
96864
45734
29256
49321
78153
15558
89621
74676
74676
84001
31179
49321
74676
27117
78409
18175
69626
94973
11832
86380
58786
26753
80833
98351
56158
89621
22323
87806
16405
20067
41999
64413
84434
61482
38684
25995
17407
6627
64413
75180
87806
65846
58623
51176
63101
97448
27740
69383
78409
86380
5002
85642
58623
83046
4760
71838
78153
71838
78409
5002
72977
28655
28655
68381
43679
70440
84434
98351
56158
98351
29856
16405
67285
99710
85833
4961
61831
49850
56963
84243
58623
84106
41385
58786
57082
6503
68381
15429
72977
4961
80833
49320
58623
71838
28771
56963
76830
28771
31848
16405
43401
89621
65385
94901
20067
68381
49321
28051
11832
33301
26753
65846
68381
70440
98351
2463
2691
27117
11832
83046
85642
92517
80833
73975
59254
71838
58786
26328
16405
28051
84001
74676
74983
7678
11832
89689
49850
41999
27740
58786
31179
14857
36116
52686
80833
80261
57082
79538
93552
29856
43401
31179
74676
65385
7831
69383
56158
58786
19266
86530
58623
89689
751
86432
85642
43401
84106
87806
97448
56158
29856
81029
57082
7504
27740
97448
52394
26254
70386
63599
58786
65846
87806
41999
29256
84001
99800
97448
67285
46297
93014
83046
76830
49321
89958
80833
63101
35476
19107
39275
74983
56963
74676
89689
25995
31179
70440
99710
83046
89347
58623
84001
7678
25906
70440
73975
751
26254
4760
76830
2691
89689
74676
59032
29856
57082
65385
52486
49320
19295
89621
2463
71838
16405
11832
58786
89689
19295
6627
72977
72977
67285
26753
56943
14930
76830
98351
79275
2691
33934
89621
22840
61147
87806
49850
92102
79538
78409
28051
28655
29856
79538
86432
27740
49320
72431
81464
85532
85642
28051
6503
73975
75727
75180
71838
52686
2691
79275
84001
84243
53162
92517
22840
19266
87806
84106
89621
2560
86380
84434
95707
51176
49321
5002
94901
57082
83046
17407
56158
5002
89689
2463
84243
31179
86432
94901
67285
19266
79275
50326
29256
85642
67285
58623
65846
93302
81464
52394
78409
27740
4760
33934
28655
81464
52394
81464
63101
84243
36116
22840
11832
89621
87806
84434
6627
19273
85642
94478
95736
52394
61147
63599
76830
52686
81029
78153
36116
84001
9926
4961
79275
87063
79275
19266
61147
53162
75180
15429
99710
98351
26753
65846
64413
69626
85532
43401
55118
98351
86432
5002
86432
42524
20067
84434
87806
98351
51176
97448
36116
70440
52394
87806
29256
19273
3083
64413
16405
5002
84001
28655
27117
43401
70440
67213
72977
94973
65846
97448
751
4961
25995
27740
19107
78153
78304
71838
8570
7678
22840
22840
36116
17407
79275
80833
52394
61147
92517
78153
74676
69383
31179
80833
51176
83046
49321
86432
15429
31179
15841
4961
75180
69383
90666
7678
6503
8493
65385
94901
79275
84243
26753
15558
4961
49320
25995
2560
66414
43401
29856
39275
2463
61147
84001
61147
26753
49321
28655
83152
78409
49850
88363
85532
19266
7678
94901
69383
49320
58786
33934
49850
86530
41999
80833
86530
4760
99710
10023
28771
41999
49321
87806
16405
78409
94973
15558
15558
41999
86432
26753
97448
16405
89958
58623
22840
2691
70440
58623
31179
70440
31179
41999
61147
65846
31179
58623
92517
85532
36116
98351
67646
29856
23489
26254
87063
85532
81464
83046
17407
58623
29256
58623
84001
80833
11832
86530
22840
7678
27117
78153
74983
64413
97448
27740
90666
78988
6627
86432
7678
84434
39275
19273
87063
3083
19266
28051
89689
25995
59032
464
52394
89621
84243
69383
4631
73975
80833
28051
65846
6627
67285
58786
19273
19273
15429
20067
58613
26753
19295
80833
27117
56158
67213
52394
89958
2560
85642
87806
26254
65846
86530
78409
15429
49850
85532
22085
52686
59032
5002
6503
69383
15429
72977
53162
22840
10100
75180
87806
56963
31179
84243
84434
67213
29256
49320
86380
92517
16405
58655
19266
28051
87461
78153
69626
25995
15558
58623
65385
94901
97448
2560
16405
57082
27117
89958
96142
85532
11832
28051
4760
36116
70440
85532
31965
71838
94901
26753
15429
41999
2463
94901
67213
53162
63101
26254
29256
68299
83046
25995
79275
17407
83046
78153
3083
3083
36116
65385
53162
751
6503
22840
57082
86380
27117
49850
751
6503
99710
11832
39275
39275
98351
98351
87063
58786
63101
52686
4760
78199
74983
56963
87063
87063
26254
20067
7678
94973
56158
2463
85532
67213
57082
92517
22840
4961
38684
81464
58786
56158
86380
56158
20067
29856
2463
33934
27740
49850
75180
85642
90666
27740
2463
99660
51176
56963
81464
2691
79275
83046
28771
56158
26254
6627
89689
69383
59032
97448
70440
81464
16405
79538
19295
70440
36116
86432
73975
2691
65385
7678
58623
49321
20067
80833
26254
84106
65846
86380
11832
27740
84001
20067
17407
4961
66271
78409
43401
69
68381
27117
38684
78153
59032
39275
49321
58786
13535
20067
25995
74676
69626
89689
31179
7678
19266
67226
6627
61147
70440
7678
87806
56158
87063
22840
99710
63217
28051
81464
84243
76830
41999
31179
99778
68381
6627
61147
79275
74676
67285
84434
79538
84434
78409
87063
20067
7678
65385
92517
5002
36116
29856
85642
97448
79275
86380
59032
28655
33934
81464
79275
39275
83046
59032
27740
45657
67285
42862
22840
83046
19273
63101
29856
49321
74676
27748
85642
98351
58786
51176
87806
58786
65846
29256
29256
86530
59032
83046
65846
73975
97448
75180
49850
14103
58623
64413
41791
6503
71809
74676
78153
75836
25995
65846
46981
56158
5002
2560
11832
48138
65846
11832
86530
75180
38684
5002
64413
84243
74676
19266
65846
70440
61147
41600
86530
49850
63599
26753
17407
3083
27740
49321
41999
57082
19273
751
98351
19107
65385
85642
5543
85532
49850
26753
15558
26254
34504
65385
43401
16405
22840
99406
76830
67285
99710
26254
67213
94901
15558
17407
15316
13875
67213
5002
80833
31179
67285
51176
3083
73917
61147
85642
76830
86530
27740
85532
94973
69383
65846
81029
15429
73975
61147
41999
17407
43401
28771
74676
28771
48625
26254
53162
19295
89689
49320
94901
81464
75180
58786
3083
86530
61147
36116
79538
79275
2560
19295
74983
3083
6503
89958
27740
15429
78409
19273
36116
36595
58786
15429
84001
25995
19266
83046
57082
95707
13111
94973
41999
26254
19266
85532
78153
74676
53162
89689
71838
19008
10311
74231
79538
26254
61147
49321
56158
751
65846
78409
86530
22840
94901
83046
751
28771
6627
4961
81029
6503
98351
94973
6627
782
86380
5002
99710
69626
31179
2691
27740
74676
11832
31179
74676
29856
2691
76830
84434
4760
28655
16405
99710
72977
79538
40107
28051
52686
29172
75180
22840
25995
67285
72977
86380
17407
19107
65846
80833
94973
87063
36116
2463
2691
5002
87806
26254
90666
20067
70102
59032
49321
56158
94973
7038
59032
69383
6627
41999
78409
61147
28051
5002
72977
98351
33934
89689
56963
70440
34720
2463
20268
81029
19107
58786
59032
89689
36116
6503
86432
85642
69017
56158
2560
17817
78409
73975
80833
29856
52540
53162
25995
86530
89689
67269
36116
13000
28771
59032
71838
58786
61147
81464
6627
16405
74676
89689
83046
52686
6503
59032
69626
98351
98351
86380
75687
92517
89621
68381
68381
75865
99710
2691
71838
69626
76830
69626
83083
4961
6627
84434
751
94379
69626
2560
74983
67213
52394
53162
76718
41999
33934
61192
81029
56158
44945
89689
52686
86432
52394
84243
48070
27117
52686
69149
84106
29256
87806
89958
76830
61220
76830
87806
99710
2560
79275
97448
6627
76830
92517
86530
94901
84106
80366
92517
28051
31179
27117
57082
41999
56158
69383
99710
58623
81029
52394
56158
29256
57082
28051
56158
52394
41999
25995
74676
17407
75180
86530
38684
15429
49320
68381
29856
16405
27117
28051
5002
2691
3083
86530
98351
57082
58786
97448
19107
74983
22840
16405
6627
89958
61147
56158
81464
4815
64413
72977
49850
45335
19266
84106
19107
33934
36116
83046
65846
81029
85914
56963
67213
84434
26254
83046
19273
28655
4760
56963
69626
67285
74983
76830
65385
89621
51176
84434
3083
19266
53162
65385
80833
94901
25995
99710
73975
64413
29274
19266
38325
27117
81464
75180
2463
80833
94973
83046
53162
94973
31179
78409
49320
53162
6627
56158
67213
31179
94901
59032
89689
41999
67285
81029
49850
98351
59032
6627
29256
33934
48198
89621
89689
89958
6503
65846
26254
98351
99710
79275
80833
84673
19295
29256
28655
81464
98351
27740
52686
15558
5002
86530
68381
94901
27740
27740
87806
29856
94901
78153
49321
49850
16405
67285
27117
99710
69626
59032
78409
86530
90239
52686
63101
27117
4961
52853
28655
52686
61147
89689
21183
78153
72977
59032
20067
56963
49850
26753
1085
26753
28051
87063
19266
79538
72272
11832
59032
73975
84106
31179
73975
63599
36116
72977
74983
75180
81029
2463
51176
8828
78409
6503
78409
61147
56158
58623
2560
56158
29256
33306
84243
85642
28051
49320
26254
53162
29256
78409
79538
99710
29256
17407
2691
81029
4961
51176
20067
82269
39388
22840
20707
11832
58786
2560
4961
35524
39275
90666
5002
48470
29256
99710
17460
6503
68381
43401
67213
27740
89621
28655
73975
26753
26254
87806
79538
64413
22840
87063
25995
99710
56963
81029
36116
28655
71838
27117
85642
16405
50461
36116
78153
69626
16405
84106
90666
67213
36116
85642
15429
26254
89958
69831
83046
22840
85532
78409
29856
74676
67285
11673
90666
17407
81392
25995
20067
94973
86432
2560
98351
94973
43401
63599
84001
5002
64413
165
84106
81464
53162
26254
25995
74676
90666
6503
71356
68381
51176
29256
63599
62247
3083
89689
19266
77774
6627
88647
56963
2560
86432
56963
11832
80833
84001
60695
92517
28051
85642
89621
29856
2691
11832
71838
98351
84001
29256
56963
11832
49850
86380
15558
49321
28771
85642
3083
59032
75180
87806
95985
79275
751
35941
7678
56158
4961
15429
83046
87063
52686
89689
61147
751
63599
64413
89689
85642
4961
69383
89689
68381
86380
28051
63599
94308
94901
79275
87063
6503
26254
11832
94901
52686
83046
89958
58623
27740
59032
69564
11832
49850
21750
84243
74983
56963
89689
27117
86530
4760
90666
84434
73975
97448
78409
2691
17407
28771
38684
2691
78409
84243
74676
4760
80833
11083
99710
16405
11832
19295
98351
40177
87806
87063
29856
51176
2463
28051
63101
61147
7678
29856
84001
97913
25995
58623
3206
63101
13803
84243
33934
56963
16405
17407
54434
19295
98351
4961
49850
64413
80833
31179
85532
58623
86432
49320
97099
84243
47796
78409
90666
84434
55079
99710
89689
84243
28655
56158
63599
5002
74983
85642
78153
53833
15429
94901
94109
69383
25995
89958
90666
27117
11832
2691
15558
7678
39275
69383
63599
5002
43401
27740
81464
58623
84434
92517
15429
28771
2463
38684
85532
87806
69626
64490
52686
73975
33934
36116
4760
84106
751
78153
49321
65846
53162
80833
56963
5002
85532
12066
49850
49850
84001
29856
26753
67285
89621
7678
52686
56158
13404
3282
6503
16405
69383
67285
36116
16405
76890
7678
58623
81029
49070
33934
16530
1759
28655
2560
56158
6503
49320
80833
87063
3619
17407
48189
49850
97448
89621
69626
6503
16405
6503
4760
57082
78409
84434
29256
76830
98351
94323
57082
49321
86380
71838
61147
17407
89958
67213
97448
81029
49850
81029
36116
28051
84243
85642
29256
4760
84434
65385
70440
84106
63706
69626
59032
92517
37898
86380
84106
68381
15558
31179
87806
41256
14067
99710
11832
41999
73975
8541
4760
89621
63101
58786
64413
52686
70225
84434
29488
7678
53162
29856
69383
49850
27117
3083
38684
86380
36116
61147
70440
39275
49320
16405
53162
47841
72977
81464
79275
41999
90666
78409
85642
75774
94901
59929
29256
56158
17407
58623
58623
99213
69626
89621
89621
63599
4961
80833
61147
20067
19273
74676
6627
90666
19107
76054
53162
86432
63101
22643
20067
87806
75180
51176
64413
74676
52394
85532
86436
15382
41999
85642
81464
60993
28051
42910
16405
27117
27740
20067
70440
7678
83046
52302
68381
79275
58786
81029
86598
84001
57931
58786
69383
73975
64413
86432
49333
86380
6627
67285
27117
85642
53162
94973
39275
76830
4760
4961
56963
53162
74983
39079
66625
85642
26753
87806
94853
65385
4961
98351
15558
92517
68094
27740
73249
56158
20067
69383
7678
97448
43401
64095
2463
19295
63101
49850
90666
81335
57082
29256
19273
58623
65385
98351
89621
63101
27740
72161
98351
15558
75180
22840
59032
89621
87063
94973
19266
49589
19295
25995
79538
85642
81029
85532
84434
38434
81837
95459
31179
97448
11832
84106
59032
99710
85292
19295
56158
6627
15558
56158
15429
28051
22840
16405
49850
69626
83046
84243
28655
54384
57082
79225
751
75872
26753
43401
29856
99710
52394
53162
16950
2560
20067
6627
41999
65385
56963
22840
20067
84243
83046
34031
27740
19266
81464
86530
59032
3946
81029
61147
68381
3833
31179
32196
52394
22840
19266
4961
74983
80833
68902
2560
97448
89958
81029
58786
49321
29256
29856
49321
38684
81464
81029
56963
38684
58623
5002
90666
75180
89621
29256
19107
32013
15429
15429
89621
97448
89689
92517
65385
76830
49321
29256
79538
20067
67213
27341
84001
90666
33934
52686
751
81464
28771
74983
67213
36116
41999
63101
16405
59032
75180
28051
87806
19266
85642
89958
81029
81464
64413
89689
19295
28655
84434
38173
97448
51176
53162
89368
75180
3083
81029
32750
63101
26753
49850
78153
67285
64413
53162
67213
4961
38684
15429
26753
29674
83046
59032
58786
49850
33934
50221
26254
59032
2691
87797
92898
7678
87063
98351
84001
84106
2463
44571
63101
63599
89689
68381
39275
84243
84001
4961
27740
15558
53162
19107
4961
19107
59032
79538
49850
963
43401
2463
6503
87806
84106
92517
78153
84434
71838
68381
22840
25995
81029
52686
63101
61147
49321
83046
89958
84434
70440
74676
79275
49321
27117
71838
92322
29256
94973
11832
86530
15558
49320
52686
15558
4760
17407
85642
52394
69626
61147
75180
69383
36116
79275
86432
33306
43401
94973
72977
78409
75180
98351
29856
20067
89958
51176
85642
63101
4961
57082
43401
67304
89958
39275
35654
16405
69626
31179
71838
61372
3083
28655
86530
94973
69664
22840
6503
19022
89621
14536
49850
89958
26753
89958
58623
19107
25995
63101
56963
19545
63101
71838
71838
75180
92810
39275
84434
97448
11832
3083
20067
95696
59032
78153
70440
73975
89958
20067
30571
83046
63599
63599
84001
19273
49735
31179
86530
93101
20067
71838
94901
52686
6503
95088
67285
84243
30960
86530
11832
99710
3083
76830
6411
16405
39638
81464
63101
4961
21638
52394
81029
65385
68381
54757
19107
26254
7678
2691
19295
7678
81029
19273
2463
89621
51176
63599
76830
92517
63101
26254
84434
79275
31179
83046
2560
69626
56158
6503
28051
59032
29256
67213
29856
89958
99710
74983
49850
63599
86530
76830
63101
27288
7678
81029
52013
2463
26753
92517
85642
43401
81029
84434
97887
84106
90666
71838
52686
26915
26753
89958
19324
79036
19295
81029
18542
38684
49320
39275
83046
51176
19295
28051
84001
47773
56158
2691
67213
2691
49321
46625
41999
77522
84106
73975
79538
64413
6627
29256
63101
84434
51176
99710
96671
94901
19295
28771
81029
28051
67213
93524
26254
90666
19295
85532
26753
63599
19266
16405
4760
79275
29488
13246
27740
19295
89689
26753
59032
49850
751
16405
65385
81464
75180
7678
70440
84323
11832
86432
5002
61147
94901
86530
97448
79538
29856
28655
49850
79538
65846
52394
22840
78153
2463
15429
26753
71838
57082
75180
89689
94901
98351
98351
63101
27740
66414
17407
56158
63101
80833
70926
11832
74983
76830
73975
19107
89621
35580
87806
51176
98351
70440
49320
6503
65385
67213
70440
38684
22840
63101
7678
63101
2691
80833
83046
33934
84001
83046
15558
61147
58786
94127
2560
39275
38684
94715
65846
84001
80195
83046
15429
50541
29256
58786
69383
75180
63169
25995
94973
6503
31179
751
64413
78409
6627
4961
19295
74676
85642
89689
56158
751
67213
59982
44963
25995
2560
11832
78409
68455
80833
39275
84434
92517
19295
92517
49321
78153
81464
22840
43401
56963
74983
58623
73975
28655
58623
49320
94901
56158
11832
24470
52166
54178
19266
57082
28771
67285
56963
76830
6503
2560
87063
39275
89689
63101
56963
84434
49321
63599
69383
29256
17407
49550
6627
84106
63101
751
87806
7678
72977
20067
7678
57082
19107
39275
94901
19266
89621
63101
25995
751
2691
19295
52394
29856
21666
33675
86432
2463
73975
78409
79538
19266
63599
6627
49321
20067
29856
87063
86530
78409
75180
21680
71838
59032
49320
75180
4961
19295
19273
52686
57082
94901
67213
78153
84001
16405
24616
81029
7678
84001
5002
49321
19273
61147
5002
52394
73975
27861
70440
71643
65385
63599
61147
26254
2560
61147
79538
67285
99710
63599
38684
56963
38684
81029
79538
74983
41999
19273
94973
85532
11832
95867
751
75180
86432
29856
69626
67424
84001
33934
2463
49321
274
17407
61147
31179
6627
26753
6503
26254
94973
68360
81464
64413
29856
71838
70440
31179
87806
52394
29856
90666
58623
15558
67285
42197
76830
74676
90666
28051
27740
19295
84001
56963
65846
25995
74676
94973
15558
13503
6476
38684
81029
75180
60675
40657
63599
4760
74983
58786
67527
56158
76225
1574
3737
58623
85532
89621
90393
52394
79538
57082
10316
81464
19107
58623
92517
651
57082
99710
19107
29856
25995
61147
49320
53162
65846
65385
84434
27117
70440
72455
85532
99422
85642
65846
73975
84106
87806
74676
74676
49321
49321
28051
11832
86432
85642
19266
43401
84434
99710
20067
64413
75180
19266
15558
74983
7678
6627
6627
81464
15429
39833
89621
98351
87063
6745
51176
94901
94901
2560
41999
57082
27740
4961
39275
94973
79829
90666
19266
58786
27117
15429
58623
75180
70440
11832
75180
58623
90666
39275
3707
70440
78409
74983
25745
38684
87806
6627
5002
75180
85642
98351
94901
19107
84001
25492
99710
78409
53118
56963
98351
72977
19107
58623
5002
26753
26753
17407
34332
59032
87806
83046
28655
53162
2691
89689
86432
27117
97448
25279
49320
19273
84434
87861
19107
28051
38684
4760
11832
26753
2463
75180
49320
12394
3083
73975
86432
27117
79538
27117
49321
4961
22840
58786
7678
7678
92517
49320
99710
58786
39275
56963
16405
50690
69383
68381
69626
25995
33934
82727
72977
17407
78153
74676
11832
85532
83046
97448
27117
39275
55234
52686
51176
4961
78409
49321
99710
2691
73975
56158
2691
84434
19266
20067
58786
65385
59032
63101
61147
53162
38684
34291
74983
38684
4961
751
86530
83046
28655
38684
84001
38684
15429
41999
33934
67213
20067
50945
98351
26254
37393
26753
32672
29256
40430
80833
49321
85532
28771
39275
28655
16405
24165
64413
84106
59032
70440
28655
56963
28655
68381
76278
22840
4776
51728
56158
58786
94973
57436
89689
12445
81029
751
94901
89689
28752
57082
74676
86380
84243
2691
30271
71838
75180
53162
43401
86380
65846
49321
83046
15558
76830
19266
90666
19295
2691
19273
78409
69355
74228
36116
72977
57082
5002
56870
49850
94973
85642
98454
90666
72977
5002
73975
1778
67213
26254
63101
29856
17407
71838
19273
74200
97448
2560
99710
68381
56158
95142
61147
35237
65846
65368
92517
33934
73975
61147
65846
15429
29256
59250
85532
53162
89621
20138
58623
83046
29256
20067
6627
26254
26254
56158
38684
70440
43401
53162
26753
92517
31179
86530
83046
52686
24103
71838
58786
11832
36116
26753
65385
76830
26753
89548
26254
2463
2463
64413
69383
27740
22840
7678
81029
22840
19295
78153
39275
28051
79275
78153
4760
94973
4961
20067
80833
56158
2430
48607
3083
87806
69383
78409
85532
4760
79275
83535
86380
25995
81464
15429
69626
85532
19107
22840
29256
39275
85532
31179
14701
56963
36116
5002
57082
52686
19295
29856
11832
2463
751
28771
75180
36116
52620
2560
69626
79275
17407
89958
27740
86380
84243
10432
67285
97448
27117
99710
81029
74983
84434
73975
28655
51176
16405
28771
5002
86530
17407
6627
71838
19266
25995
52686
89958
64413
51176
85642
31179
86530
78153
49321
17407
86432
67285
84243
52394
94973
80833
44263
84001
81029
53162
79275
83046
81464
79275
78409
56963
52394
751
19295
80833
33934
61147
67285
67500
28771
27740
26254
89958
85642
27117
67285
19107
72977
31179
75180
52394
97448
5002
15429
25995
30563
26753
3083
6503
4760
74983
84106
751
15429
68381
92517
28655
4760
25995
38684
15429
29256
4760
29256
59032
85642
29856
15429
50958
76830
81464
91883
79275
27117
74983
99710
85642
92122
19295
58786
26254
17407
69383
2691
31179
63101
63010
751
53162
58786
52686
83046
85642
65846
16405
51523
65846
84243
95325
52394
41999
97448
85642
5002
81029
59032
84106
56963
751
80833
65385
86530
77870
74676
94901
73975
2463
16509
26254
16405
6627
27117
94901
78288
60576
26254
16746
94901
64413
81464
68381
33934
61147
29256
2691
99710
83046
98351
4760
7678
84243
27117
3083
751
65846
70440
20285
19295
79395
73975
27740
51176
41999
20067
56158
52394
11832
4961
5002
53162
67213
5002
68381
98351
751
84434
26753
93168
28051
51176
61147
7678
84001
43401
29256
84434
31179
72977
9090
75180
64413
28051
29256
84001
5002
25995
81029
89689
94901
28051
73975
15429
20067
3083
85532
84106
27117
74676
76830
74983
25995
94973
84434
780
38684
87063
76830
33934
71838
80833
68381
35673
56158
61147
87063
28655
49320
15429
85532
81523
29856
79275
99710
13884
41999
6503
90666
67213
73975
67213
28358
19273
25174
3083
28051
6503
94901
36116
74983
89887
78409
81029
6503
59032
31886
57082
22840
43401
83046
19273
38684
29256
67213
52686
13921
38684
51176
69721
84106
43401
81464
29303
19273
2691
73975
6627
90577
4961
74983
17407
72977
76830
14707
87063
7678
2463
751
16405
89068
79561
17407
53162
15558
25995
56158
41999
89689
26753
46168
11832
89689
84243
84001
76699
52394
16405
59032
43401
11832
98351
83046
56963
61147
53162
52394
98351
39275
49320
861
29856
99710
84434
83046
22840
80833
56963
19273
27740
27117
28051
20067
75180
2463
19266
82364
36116
49320
63599
26254
68381
49321
2560
2560
84243
86380
16405
81464
36116
89958
83046
57082
71838
64413
29256
56963
82936
86432
99710
36116
75180
94901
87063
6503
2463
11832
41999
84243
36116
80833
99710
31179
83046
29856
86380
63599
26753
19295
43401
74676
51176
74983
26753
87806
16531
33934
84434
10783
5002
84434
81029
75786
59032
53162
72977
53162
65846
25995
28051
15558
2560
89958
81464
64413
15429
75180
57179
30298
2560
3083
36116
41035
3083
7678
90459
16405
20067
27740
94901
4961
85642
63599
70440
26753
98351
79275
2216
39275
70440
76830
38684
85532
5002
96159
19295
79275
92517
751
94973
72977
53162
751
43401
13968
28771
69383
6503
22840
6627
99710
15429
2463
53162
29256
84243
98351
83046
83046
69626
89958
6627
49320
98832
41999
98995
70440
69383
39275
71838
4961
79054
6503
25995
67285
86432
33934
49320
56158
84243
751
84243
26058
26753
51176
61147
89958
27117
11832
59032
99710
5002
78153
67213
57082
74983
72977
83046
80833
19295
19266
92098
33934
84243
11832
70440
4961
26753
78153
36521
49321
58623
49321
58623
57082
2463
19266
89621
52394
76830
70440
58786
49321
69383
52394
4961
94901
49321
31179
83888
28771
49320
76830
65846
19273
27740
58623
97448
65385
85897
85642
86380
60581
2691
74983
19107
2691
92517
97400
74983
3083
29856
15560
26753
85642
89621
58623
31179
2691
86432
63101
49320
99710
94973
43401
19266
16405
27740
83046
79275
79275
23108
17407
45529
22840
70440
751
49320
89621
15558
86530
78153
89958
27740
36116
72977
71838
76830
5002
63599
26753
63101
96811
67213
92517
81029
68464
16405
94920
5002
31179
98351
81464
86380
19266
75180
85532
37365
19273
42007
90364
65846
2691
29256
1608
19295
2463
87806
7678
52394
15429
63599
94973
68338
84243
67285
5002
78409
18175
78409
79538
2560
65846
6503
72977
22840
49850
73975
6627
43401
29256
59032
81464
28771
24948
2463
86530
67285
86530
15429
87806
90666
8087
53162
69626
61147
19273
98351
62137
6627
36116
2463
49321
84243
29856
33934
36116
49320
11832
89958
28771
63101
19273
52394
83046
38684
52686
28771
38684
94973
19273
81464
49850
31142
87063
51176
35137
92517
94973
2560
53162
30859
19266
70414
19266
36116
79275
63101
5002
67285
43401
87063
86530
11832
56963
39275
86432
6627
19411
34354
63599
94901
27117
77911
87063
89689
49320
84106
86530
58786
53162
49320
87063
4760
53162
26753
63969
6627
2560
41999
89958
86530
84243
90666
6503
52686
56963
72977
5002
52686
53625
56963
58623
2691
49321
27740
78153
19295
49850
59032
80833
63101
79275
36116
20067
84243
38684
56963
61343
59032
6503
85532
89958
84106
67285
84001
4760
38684
2691
67285
41999
97448
49850
85642
99710
69383
49850
26753
90666
86432
2691
94973
49320
76830
9015
20067
89958
67213
71838
74983
751
76830
81464
16405
90666
84243
32234
4666
84001
4760
19107
87451
17407
52686
76830
69383
87806
28051
98351
53127
84243
67213
85642
2691
68381
95243
66774
16405
89958
81464
27117
26753
81029
73975
86530
2560
40148
38684
67213
71838
28771
49321
4961
25995
27740
27117
19295
29856
53162
29856
68381
74983
87806
67213
19107
92517
98351
36971
98351
63101
49850
84434
63599
67213
71838
81029
72977
90666
31179
20067
49850
79275
98351
87063
20067
49320
43401
53162
74676
43401
17407
49850
39275
51743
71838
85532
6503
58623
28051
5002
23772
61147
56158
6627
2691
92517
17407
29856
56963
2691
63101
71838
71838
81029
6627
84001
94901
56963
84106
4961
28655
72977
44454
58623
28771
67285
28771
58786
81029
26254
38684
52394
84243
19266
69626
99710
31179
80833
29256
25995
81029
29256
37558
84243
63599
59032
99710
11832
70440
51176
58786
2463
78153
22840
38684
8739
53162
87475
73975
66368
85532
69626
19266
99530
99710
27117
17407
69383
31179
49850
26753
6503
73975
4961
26254
65846
2463
16405
63101
86530
6627
28655
73975
64413
751
28771
65385
58623
29256
96581
19295
75180
49320
51176
87063
61147
20067
25995
94901
57082
28655
74676
11832
90666
57082
65385
76830
84434
58730
33934
57082
84243
2691
28613
86432
6627
86432
83046
16405
69626
63599
59344
49850
89958
14677
28771
64413
73975
56963
81029
14932
84001
81029
43131
72977
28655
61147
20067
49321
49321
4961
17407
63599
41325
28655
89689
751
81464
74983
3083
41999
2463
83046
7647
15558
15429
74676
31179
38684
16405
17407
29856
6503
19107
52394
39275
65385
74983
99710
86380
11832
69383
83046
85532
38684
15429
70425
79275
63599
56158
4760
28655
57082
80833
91417
29577
59032
49321
63599
80833
86380
19107
87291
27740
56158
67285
73975
75180
16405
98351
65385
19107
80833
29256
7678
78153
75180
31179
86530
29856
17407
15558
49320
86530
3083
99710
26753
7678
78409
49320
10986
84001
74676
86380
36116
63599
31179
56158
76830
98351
28655
28051
60005
97448
28531
31179
2463
3083
81029
5002
90666
81464
1419
27740
94901
87063
6503
67285
75180
6627
36116
41999
15558
3083
211
74983
87063
71838
74983
81464
51176
94973
84434
86530
65846
16405
56963
91643
61147
72977
67213
65385
25995
43401
26819
27117
61401
58786
81320
1452
58786
28771
34408
64413
22840
751
56963
75180
85642
29856
63101
94244
69626
2691
67213
27117
97448
80833
28771
6503
41999
94901
57082
94973
31179
61147
29256
74676
28655
99710
17407
16405
59032
19295
49321
84434
4760
87063
2463
2560
67213
11832
56158
84434
57082
4961
68381
6627
84243
19107
84106
52327
67213
28051
60733
2560
25995
28051
57082
92517
41999
34689
87063
25995
2560
64413
87063
7678
49850
74424
38766
39970
28655
69724
83046
2691
70440
2691
78409
65385
19273
19266
86530
92517
52394
65846
90666
15183
76830
56963
29256
7678
5002
52686
72977
89689
89958
43401
97448
86432
94973
33934
4760
43401
83046
67213
94973
7678
15429
19273
7357
81029
89689
58786
87063
41134
49320
69626
28771
27910
70440
20067
2691
17407
26254
94397
28771
22840
70440
7678
4961
27740
67912
87806
16405
19295
92517
76830
38684
19266
36116
89958
20067
87806
52394
98351
28771
85642
90666
57082
15429
79275
86432
17407
78153
85532
90666
49850
86530
27740
2691
33934
84434
16405
51176
71838
33487
16405
84106
80833
99710
63599
56963
86530
79538
84001
64904
73752
27740
27117
36116
69383
57082
20067
56158
82124
98285
28255
94901
75180
27740
67213
56963
58786
94973
56963
26753
98351
78153
22840
27516
28771
57082
81029
63599
74983
36116
2463
61147
86530
73975
16405
36116
79538
84106
16405
5002
58786
68381
22840
73975
61545
87063
5002
90666
9089
58623
20067
3083
79538
49850
70440
2560
69383
67213
19295
63101
86380
56158
76830
56158
74983
71838
25995
71838
33934
751
19107
92517
97448
43401
85642
94973
26201
11832
19107
56158
56963
67
38684
61147
60263
79538
3083
24574
81464
44017
67285
87806
86380
89958
94901
99710
59032
94901
27740
82980
89958
6627
19107
71838
3083
85642
66855
15429
44857
87806
28051
6627
19295
58786
49850
33934
89621
14149
26753
22840
22840
36116
6503
63101
38684
79275
28655
27117
65385
49320
19266
27740
19107
49850
65846
36381
78409
99710
67285
73975
4961
56158
15429
28771
27117
15558
6503
33934
71838
28051
56158
87806
76830
29856
67213
63599
20067
91251
56158
87063
67285
81029
65846
84106
19107
28771
76830
89958
86530
33934
7678
74676
36116
43401
69383
56158
89621
20067
89262
79538
81029
751
59032
71838
58623
83046
84001
75335
69383
74983
96384
6627
64413
80833
26753
28655
4961
2463
59032
72977
80833
28051
81464
97448
78153
5002
92517
2463
92517
67285
79538
71838
87806
29856
71838
39275
78409
97448
67213
16405
49320
4961
56963
33934
26753
19107
85532
67285
81029
72977
20067
78181
19107
19266
59032
5002
55731
33299
84021
52394
64413
26753
41999
751
84434
49321
89689
41999
68381
94901
52686
36116
36116
49850
20067
15558
22840
86530
29256
94901
97448
22906
22840
15429
68381
86530
19273
15429
11832
84106
98351
87806
33934
69383
38684
52686
2463
81464
43401
3083
78153
74983
19107
28051
65385
79275
4961
86380
67285
53162
70440
90511
87063
28771
26190
59032
81464
63101
84434
28771
28771
89621
50765
98993
75838
7678
65846
74676
65846
98351
86530
49850
4961
87806
2691
35774
97448
81029
67285
11832
64413
84001
28655
74676
81084
64413
52686
79538
69383
58786
27117
21855
84243
49321
15429
4921
17407
3609
29256
28655
19266
57082
53162
17407
31179
78409
84001
67213
53162
29256
25947
53162
71838
19266
4860
70440
72977
28655
29856
58786
11977
75180
98351
61618
29256
53162
90666
61147
26254
52686
81029
28051
67213
89958
84001
26254
27740
87806
79275
24686
19107
69383
41999
28655
69626
4961
53162
32194
89689
4961
15429
51365
19295
52686
86717
83046
76830
64941
74983
92517
28051
92517
61147
59032
42642
25995
84434
68381
57841
65385
17407
83046
87063
38684
63101
75180
25207
89689
28655
5002
49320
751
6503
94973
49321
2463
7413
92517
89689
49320
84434
67213
11832
2691
74676
6176
86380
69626
39275
86380
93419
56963
74676
90666
75180
99532
65385
53162
81277
19266
84001
75180
56158
51176
11832
17407
57082
80833
15558
41999
67213
53162
94901
28655
14719
6503
94973
29256
84243
25995
72977
29256
5002
97448
85532
70440
39275
73590
65385
17407
67285
65846
94973
61147
61147
4961
28771
4961
87806
67285
49850
85532
84434
81464
16405
19266
87806
56963
58786
74983
11832
2560
51176
27117
89689
11832
49320
72484
7678
31179
86380
99710
61147
74983
86432
89689
92762
53162
3930
67213
2463
89958
94973
19266
5002
33598
70440
49850
29256
93878
65385
6503
25995
74676
87806
85642
65846
69066
49850
26254
99710
84106
84106
25805
25192
15429
19295
49321
52686
7678
61147
73975
38684
20067
43193
70440
86432
15429
19273
86380
61147
69626
51176
84001
59671
73975
39275
64413
29256
67213
89689
79538
28051
22840
89958
49321
58623
84434
14967
5002
6627
81464
55107
28771
751
71838
6503
51176
52686
751
16405
58786
22851
69626
27740
20067
27740
22840
89958
85532
15429
73975
52686
94901
89621
30826
49850
64413
19273
6503
85532
61147
64413
19107
91496
61147
28771
11832
19273
39275
92517
83046
89689
43401
2691
15429
49868
4760
86530
51176
22894
49850
65846
49321
84001
94973
75180
25166
69383
22840
17407
69383
67213
97448
86380
39275
86530
71838
4961
63101
22840
49321
28655
49850
72977
28771
4760
51176
52686
85532
29256
2463
74983
67213
38684
52686
49320
73975
5002
24225
78153
51176
68381
72977
29256
86530
17407
65846
68381
19295
29856
56158
63101
63101
33934
44982
94973
84001
84106
67285
79275
89689
89621
84434
7678
81121
72977
79538
39275
4961
11832
7678
89689
7678
71838
84243
17407
52686
63101
86380
19273
26753
92517
78153
73975
16405
49850
49320
49850
94901
58786
64413
81464
74676
38684
67213
64413
865
79538
56158
27117
84243
49320
56963
36116
90666
43401
52394
86530
59032
4562
79275
74676
64413
49850
49321
57082
11832
51176
80833
92239
4961
63101
27117
59080
94973
86380
11832
97448
98708
56158
56158
71838
52394
84243
79538
75180
81029
68381
26307
751
41999
86380
52394
19295
87806
58786
26254
89958
89958
53162
57082
4760
3083
56963
7678
3083
59032
52686
98351
65385
89689
3083
92517
99710
68069
86530
83195
49320
98224
43401
751
92517
15558
33238
36116
2691
63599
84434
69626
19266
98351
59032
98351
52686
74676
33934
68381
83046
4760
28655
86530
69626
39275
57082
38684
41999
36116
49320
43401
86380
87063
69383
19273
14110
74676
49321
63599
81464
70684
85532
40736
83046
84434
28051
89958
84001
74676
9305
28771
69457
70440
31976
69383
84434
68381
4760
51469
94901
85532
28771
11660
86380
79275
72977
16405
6503
52686
85532
38684
84106
95648
92517
52394
50865
72977
90666
85642
43401
74983
86380
19273
49321
59070
57082
80833
49321
16405
21638
6627
89689
39275
12800
73975
43991
17407
28056
19295
20067
6627
78409
36116
4961
89716
22840
49320
2560
58623
2463
28051
6503
19107
83046
31179
65846
69383
75180
15853
7678
59032
92517
51176
49321
97417
85642
33934
86530
61147
751
28655
65385
89621
4961
58623
61147
79275
80833
16405
87063
19107
75180
2691
28771
92517
6503
4961
28771
28655
65385
20067
65088
85532
89958
67285
59032
6627
94973
79275
94973
74676
81464
49626
2560
33934
69626
15558
5002
98351
84106
20067
72227
51176
52686
81029
13265
52686
74676
90129
84001
97595
87063
81464
49320
39275
58786
41999
19107
31179
78153
52394
14050
29256
5002
86432
99710
67213
48359
74983
98754
86432
94901
36116
69626
19295
89958
78409
84001
87806
85532
70440
49320
15429
92523
63599
18495
6627
89689
51176
24157
79275
2463
6627
19266
87806
27117
78153
25995
69383
49320
94901
26753
76830
84106
87806
89689
86432
25995
69626
67213
87806
751
49320
19273
89621
79275
72977
49321
28655
10811
75180
85532
56158
14787
52394
86432
69383
57082
64413
63101
49850
84243
2463
71838
63599
27740
61147
86530
61147
87806
89689
52686
59032
17407
63101
67213
86432
20219
4961
23025
58623
4760
49850
751
2463
71838
75424
76830
22840
36116
24861
30252
59032
87806
58786
43401
28655
92227
65846
19993
49321
67213
27740
65385
19797
19107
86380
49850
94382
6627
80833
89689
63101
56963
48248
95390
38684
78153
69383
27117
89689
65846
14633
94100
65846
67285
84106
28771
84001
49320
4961
90320
63599
41999
84106
63101
2691
4760
39275
18274
68381
26254
76830
6627
67213
79538
58786
6627
79538
39275
69626
80833
57082
72977
29856
73975
36116
15558
4961
98351
78153
49790
84001
63599
19266
31179
65385
87063
92517
56963
94901
81464
2691
52394
73975
57082
84243
28771
5157
751
66993
31179
89724
57082
38684
89689
73975
99710
19273
41999
56891
22152
79538
90666
56963
78153
98351
6627
31179
29256
22840
16405
86432
61147
27740
79275
15429
82939
28655
7678
74676
68381
51176
63101
49321
41999
29856
52686
85532
80833
87806
7678
6503
57082
81029
63599
68381
92517
86530
6503
19273
67285
19266
72977
92517
29256
56623
47031
28051
85642
43401
11832
89958
65846
85532
59548
25995
27117
86432
86380
26753
11832
4961
56158
38684
89689
19107
7678
20067
39275
26753
38684
19295
84243
87806
59236
87063
27117
85532
2463
59032
81464
28655
49321
3083
751
28655
87806
19273
15429
28051
74676
69626
86432
19273
49320
86380
27740
75180
94973
94973
28771
20067
61147
49321
6627
81464
83046
39275
71838
26753
89621
27117
67285
81029
52686
29856
2691
20067
89621
86530
74983
89689
41999
49321
69383
84001
92517
26753
81029
97448
19266
88492
76830
76830
87806
4961
17407
17407
8103
29856
68381
85532
4760
29256
85642
65385
31179
53162
89958
19266
84001
98351
52686
19107
57082
83046
6627
90666
89621
35469
7678
84434
25517
59032
87063
96889
69383
92517
63101
41999
19107
79275
99710
16405
19266
2560
7678
63101
65846
49320
61147
67285
26254
84106
52665
60702
31179
11832
26254
19295
28771
31179
57082
94901
56158
26254
27117
19266
86530
67213
58623
61147
20067
49320
56158
15558
85532
62129
69626
29256
68381
98351
29856
80833
29256
75180
90666
14376
67285
84106
75180
19273
65846
38684
89958
78409
86380
75180
12311
49850
86432
65846
10245
74676
49320
20067
56158
28771
89958
84001
49098
50820
67219
4760
29856
84106
19295
76830
89689
38684
41281
2463
39275
19266
20067
65846
72977
84434
5002
61920
17407
87806
99710
4760
38684
61147
52394
78153
40240
15429
51176
81029
6627
71838
63599
2560
19295
51176
70440
53162
89958
78153
85532
85642
6503
67213
92517
52394
87806
78409
58786
56963
57082
81029
751
70440
84243
49850
28655
97855
94901
86530
94901
99710
73975
84243
94973
38684
16546
43401
67285
19107
94973
27740
76830
65385
89621
92517
78409
15429
2463
90666
56158
52394
16405
27461
7678
751
80833
79275
89621
89689
94973
27117
69626
4961
52394
54874
79538
51176
23317
85642
38684
72977
67285
16405
83046
98294
68381
70440
7678
79538
15558
29856
63270
79275
58623
57647
51176
2691
36617
53737
4961
99710
49850
79275
19266
751
4760
39324
22840
36116
67821
78409
36116
27117
33934
99710
69383
26753
80833
2560
94901
25995
58623
76830
36116
33934
87806
19273
15558
17407
15429
84434
39275
38684
25995
32923
2463
63599
31990
33934
49321
82063
67213
87063
85642
2691
2560
18862
6503
22840
2560
16405
81029
79275
2691
94901
84001
67285
75545
80833
3477
84001
87063
20661
52394
86530
85532
59032
31179
36116
89958
81029
81464
31179
65385
3083
16405
79275
751
2463
28771
31179
22840
85642
69626
2560
73975
94901
57082
65760
19295
47530
33934
86325
4961
33934
79538
38684
2463
52481
72977
56158
2560
68381
16921
92517
94973
2560
61147
51484
52394
67285
5002
15558
3083
69626
49321
49850
87063
41999
28655
67213
39275
49321
43698
85532
75180
17407
79538
67285
70616
54692
94973
31179
78153
86432
63599
94973
17407
6503
68381
99710
74983
84434
61147
43401
86530
24199
49321
17407
25995
97448
83046
85642
97448
90666
78409
39275
84001
26753
83046
2560
56158
63101
51176
41999
25995
2691
91819
6627
94901
11832
29856
90589
68381
54876
52686
70617
94973
73975
15558
69383
42561
4760
61147
86530
99710
58786
65846
49321
84001
3083
89689
67213
56158
27117
63101
28771
78409
89362
61147
59032
28771
29856
72977
89958
58786
76053
19273
84106
97448
89621
90666
11832
86530
85642
90666
81464
85532
4760
4760
31179
4961
56963
4760
69383
22840
49850
5002
49850
2560
25995
79538
751
49320
74983
16405
64413
98351
27117
41999
89689
53162
84434
5973
51176
19266
99710
83046
5002
2560
85532
19107
36116
41999
56963
27740
17407
86432
4760
52394
56043
69626
28051
38684
74676
4961
80833
64180
81029
74676
89958
16405
20067
73975
92517
38272
34046
84434
751
31179
67285
2691
19107
31179
79538
63101
28655
64413
99710
49321
49850
94973
94973
74676
79275
68381
39275
75180
73975
19295
51176
38684
3083
84243
751
6503
52686
6417
56963
6503
58623
99710
19295
43401
84434
63599
65846
79538
49320
94973
70440
17528
16247
79275
67213
76830
38684
83046
11832
39275
22840
94973
10101
41999
31179
58075
67085
63599
86380
28051
7678
70440
29856
98351
85642
33934
53162
71838
2691
71838
4961
56963
28655
38684
85696
49850
71838
86530
86530
751
11832
82380
85642
76830
29856
75899
74676
5002
74676
6503
94973
84001
65846
15429
43401
2143
41999
73975
41999
36474
78153
92517
56158
61147
84001
22840
94973
82220
61147
17407
75180
97448
49320
68381
86380
99710
80833
65846
68381
19273
51176
17407
63101
4760
7678
89689
84434
74676
85532
41999
71369
33102
29856
56963
11832
56963
53162
84243
89958
79538
44858
8161
19107
65624
6627
59032
89621
5002
89621
61147
31179
36116
75180
92517
74983
2463
26753
56963
73975
43401
27117
15558
74676
19295
61147
87806
19107
87063
81464
49321
751
28771
89621
6503
11832
49850
3083
15429
56158
79538
81029
96635
751
63101
6503
13447
49850
74983
89621
28655
83046
11832
69626
36116
51176
31179
11832
73975
56158
84434
22840
86530
65846
92517
49320
24146
69383
93501
66668
87806
53162
94866
90666
38684
79275
80833
6503
43401
5177
28051
46032
63101
4760
33934
59032
63101
33934
94973
35700
29856
63101
89958
44415
84001
38684
3083
52394
89689
11832
56158
33934
98351
84434
22806
92517
53162
15558
69626
68381
31179
92517
56963
751
49850
94973
39275
33934
76830
49320
75180
63599
84434
94973
20067
78153
6627
75180
22840
78409
49850
38684
17407
63101
74983
751
39275
85519
56963
28655
76830
73975
85642
80833
22840
94973
89958
49320
84147
60773
59032
32709
67285
36243
27117
19107
67285
91115
2463
8188
56158
28771
89958
65385
70440
33934
65846
68381
41999
33934
27740
69626
11832
27117
81464
38684
76830
39275
49321
27117
53162
27367
57082
90666
97448
63599
61147
74983
65385
92517
83266
65846
24023
7698
2691
28771
92517
52686
49850
19295
6601
29256
56158
94901
19107
39275
27117
89689
84001
25995
86530
59032
87806
79538
26753
29256
69383
38684
25171
78763
36116
19266
67213
36116
28655
88588
7678
33773
49320
56963
85251
19107
15429
26753
97538
72977
69626
86432
28771
3083
84106
80181
81464
28655
74676
63599
19266
38684
73975
79538
74676
85642
89958
73975
74676
61147
49213
99710
92517
97448
61147
31817
75180
52394
52394
3083
26753
80833
86380
99710
99710
19608
31179
78409
19266
94973
6503
65846
65846
80833
3083
41999
26096
63599
15429
97448
26753
61147
63599
61147
78153
15558
5002
2463
70440
59032
2463
20067
49320
52686
86432
65846
79538
3083
63599
57082
86380
15429
19273
67213
86432
94901
86530
36116
59032
93978
28655
19107
7678
6627
33732
73975
53162
90666
11832
15558
3083
49320
27117
