82835
42322
52360
11519
66834
52081
5868
24224
99388
65302
33429
16133
78466
92394
87258
86704
59573
87275
86125
36009
40917
29126
1946
86411
18399
40805
92067
51723
92175
94576
13418
90570
2941
18719
33490
72655
87266
76592
33368
72964
7006
80822
92032
41264
79409
43049
35514
56138
84553
10859
29683
61175
12999
39785
50446
43081
14355
49027
47345
86674
68752
52167
90100
60400
80730
57666
13079
36365
15357
38647
49232
2928
94997
97541
14131
7359
52506
13119
45190
8138
39958
65526
11877
64351
1315
99417
28446
8229
60393
6032
37016
34386
49043
8772
58900
25801
79539
56238
35839
16140
29212
49129
46890
30812
90867
47151
59264
56648
60231
2494
66136
10145
32935
12394
54013
90540
23220
98549
93656
95226
68179
47542
82000
23669
46550
80873
32128
35880
14775
90301
6880
38180
8963
15441
41027
55447
31809
36395
16056
74544
76761
53930
70009
15977
61013
89154
77623
30634
43233
83786
88802
55852
72100
9402
51526
53856
10075
35981
41332
84444
91842
21818
35614
2789
55360
70498
13086
60855
88651
77998
26003
97008
97061
1442
54163
96425
11424
56429
3312
50488
17500
96698
84750
71501
49576
44573
49438
87549
11916
69282
30857
89838
50121
25141
40230
54587
26103
93010
87808
70381
17361
88669
99805
40899
60616
30171
31568
56665
40223
89464
17653
53188
69545
62579
92368
63706
43413
82103
35876
21359
28813
85174
50938
14714
31514
45546
49967
46737
97484
84117
98010
22206
77613
43710
35536
8316
19353
55954
91343
75013
96663
25102
38493
24045
26634
52001
7926
94104
10832
50112
39125
12119
66948
11939
15583
38536
15285
3501
46836
65895
3618
11744
52037
15657
21077
27007
55234
6827
82349
38284
55334
83374
29383
37577
94824
31916
75982
10710
8255
42219
48944
99161
84587
9304
65163
48757
93758
87415
36518
98742
36073
97635
48062
55131
91575
22852
9490
34563
22725
11949
69417
51396
23969
70883
76926
35714
79548
1556
92612
79629
67296
57314
58922
4916
71156
4566
74751
13084
40548
88843
85160
93173
79736
68887
99168
86899
46237
20243
79868
10987
54419
26861
12526
48908
23041
84094
77288
6335
19312
33166
81624
941
26107
61384
50475
83223
34868
17078
24819
11480
94458
38163
53165
11136
29492
17870
54191
29803
37988
6110
64086
2430
30062
78669
82795
53207
5061
63653
1930
29619
6026
68626
97179
42238
31328
21493
73664
24934
6398
1465
54295
83534
85623
39397
26205
24390
62617
25673
65782
53460
67548
23726
22954
5055
83391
40654
3454
31044
82071
85800
66824
12035
37029
47064
34442
60750
29246
60356
12860
76590
7198
12615
91692
39196
24951
77113
90757
88395
49858
14990
55679
36448
66783
40840
16331
57546
88730
68969
27532
43906
47601
60333
94894
19951
28155
19859
58182
3644
67208
60884
64210
94064
69774
45813
85682
73527
85107
61762
66727
8267
29441
38154
27481
43938
61992
62451
4684
29880
79567
1650
21321
73942
74914
2106
54028
89327
15298
38329
29089
50727
87653
66158
80811
54502
17076
87135
89717
25246
90087
37124
21339
2708
81359
43890
34091
30864
67337
99953
74146
35232
29528
71725
83692
11931
18497
61094
46101
73678
10768
41254
30322
31543
14817
92465
75540
78264
10777
44692
1910
92243
64733
51163
44843
10801
37678
45069
66669
84383
45390
7146
52680
82034
24738
87821
72796
89343
56673
51639
60862
39690
87199
32926
54632
4500
25165
11072
54409
63973
79143
46042
3367
59575
90585
47153
90352
92399
77230
26946
16443
29098
45734
94390
45086
3663
98669
83545
48190
49165
13776
43890
76872
8681
32252
47575
17200
92176
48570
93819
19924
30644
31631
73633
4018
16568
78338
13966
78098
19238
81790
47552
1195
73513
68688
97555
57838
61607
54614
70726
8025
23910
59660
98711
80331
20475
2236
45674
43873
40671
59389
66213
92119
65792
66528
23038
56116
33850
99716
34538
46663
38536
14994
1356
5595
5855
9773
75301
21051
83772
7463
45089
880
65035
1838
1135
95554
84325
33603
5419
88413
39510
86850
55501
76531
10017
29745
68501
79746
67562
64418
52097
26150
21974
20258
61713
54094
44864
19934
99002
68760
71590
34161
4048
62356
31770
45340
39775
96578
79100
99598
52491
31963
85053
44827
84675
88649
45705
31231
76007
1397
30252
39299
97142
84873
94526
78565
15485
17075
84080
18327
7491
5191
5630
72483
32407
32117
71871
92179
87484
78457
74663
77976
30763
20770
93012
84295
50784
75857
44732
6451
23745
85461
98852
86781
98967
58207
74254
56150
62596
43849
57944
53305
67969
5985
46711
58399
90220
71778
26167
73455
89669
82004
96773
22377
71294
47471
67601
51782
42410
71479
75548
27841
64108
77652
30456
43708
49227
67937
55379
28278
53437
56956
29481
62773
9785
87347
99416
34040
500
30069
17979
50625
87085
30938
79849
78564
87978
97405
90349
92408
51112
93598
34662
69502
21128
53108
98565
7288
49770
15365
34506
5076
35772
15810
93770
68869
61114
28010
33224
960
93194
10007
2899
23985
37097
83268
95110
69409
41273
33546
96907
97506
33911
17261
6488
1724
23798
92472
95671
83437
4380
64897
8602
38163
98056
26572
41999
95654
73161
60139
41994
36426
52633
17924
13578
77099
50104
83208
82036
53548
50205
53739
87664
84889
58376
15244
27644
87970
28033
18212
57775
20814
52225
38773
6920
85825
53084
53733
99355
2617
82404
69466
6549
12750
17883
40718
83961
90746
17295
33300
25741
29439
41627
63010
34326
44846
54782
89062
96140
15269
60902
1406
10511
79852
30546
94055
41954
34278
40865
13861
4653
97363
32360
40580
90056
53798
30781
43943
61578
65491
4169
93676
37396
33012
44708
76276
51363
67042
48464
9590
19778
96826
60844
46133
44938
8289
85318
76641
80312
2099
71482
45904
8411
53779
52246
4070
76393
43424
14640
13560
48486
93080
17394
34806
18299
88501
6137
73320
90591
78733
20449
5018
21206
2216
96430
77179
41174
87607
52794
91083
26535
36193
92901
28799
8937
7445
91373
59018
89484
24822
66261
56140
22022
17618
55138
91485
48715
34703
94652
85820
9908
11933
38017
50849
21752
2861
85176
51144
38165
76913
99174
75081
15291
24493
22381
83361
98974
67584
81640
17977
53308
35663
76520
76208
76022
58653
38579
72494
73910
8485
12498
58418
5167
20088
73558
64881
37829
12554
7330
77318
82672
42124
84618
50738
10341
84546
63342
95838
48143
57439
68276
36283
58481
43052
68736
80714
15523
66450
57065
64994
61068
1988
68305
57037
12075
63180
2925
16193
43561
53985
73098
68824
65513
1112
59858
17947
2708
46807
6813
8139
38980
6197
7367
11257
77142
55207
45426
13672
93654
27066
82175
39270
6889
27056
487
34651
23771
14198
35207
12982
48529
36092
58109
37380
28031
58239
80188
87126
20175
96497
74563
64575
84861
28113
29114
75193
48593
15706
17051
51000
83125
87888
3672
34248
34960
29059
8102
13051
77154
49254
38110
54945
62145
5696
64792
19459
27812
74311
25324
33665
72107
74467
41489
40186
72806
50977
70795
9242
89480
84636
87317
41392
1141
2896
72843
21876
24400
9381
57837
10087
48017
94945
78086
27876
39908
56250
19052
27748
41297
99220
93336
14970
50829
26480
84192
19994
1295
61174
52478
2664
4074
12208
98628
19197
19806
61564
91904
69493
82398
73678
3657
91716
21494
61694
87351
16740
74437
61207
73122
33499
96375
11519
63699
5863
59540
68655
94058
85477
13781
51572
55690
11272
99375
62222
57106
63976
10784
38566
36723
54397
3241
12186
5365
69736
12712
33986
24630
79863
80052
26817
45108
91740
80633
50991
43804
91081
99653
82749
69542
95476
84275
58444
34069
24852
14682
93583
97449
4833
97561
67021
98482
24336
6867
42435
11618
88373
13573
96554
3113
87093
81766
66425
8792
57365
41177
10082
58571
17464
35885
75243
80374
85647
72225
91904
7378
45510
4083
73654
77583
1890
4097
82850
92792
273
45071
92953
60624
96057
3196
53672
72092
95137
4995
57863
70755
84375
79542
36668
33314
72955
27495
6832
19906
81243
37698
40443
44021
59
22263
54594
95084
49970
29802
80416
21096
45454
17681
99190
70650
89316
83163
75946
71364
83353
20459
49135
29636
871
14434
85952
66810
93128
78336
72761
95290
88994
27799
49684
40356
89105
95814
76753
51781
50451
42517
73020
29959
59632
40843
79953
72350
84101
22931
89368
5966
27931
66301
29994
37452
37974
73707
50797
74940
59932
10417
33606
61358
43616
28547
42030
68705
6218
6934
88460
9814
81927
90893
68768
46522
91272
85262
4201
5263
91033
65439
42180
55739
58085
84240
48788
57930
9702
71034
43303
42176
63856
75443
10100
95262
4465
89696
68653
51090
42366
25623
11869
23603
4065
34194
37609
29964
25959
31236
94124
63405
49295
18938
33154
11922
25949
79669
35525
97607
37212
34965
54602
12418
30146
75034
52775
89446
25152
38365
51685
20744
66055
74229
77281
64549
34694
3663
43653
7470
37857
48028
62370
99379
32649
45679
91493
97846
36880
26482
59231
65136
98869
83308
39295
86977
63273
50507
21548
82570
12657
68302
99986
87157
7660
38467
77572
67776
67111
89924
87537
11360
86970
82061
15182
7815
91001
60266
48534
38893
31361
40807
15007
19490
69115
13162
24360
29618
92836
37930
84535
81228
46787
59972
90457
26473
82010
70260
60588
86762
73520
23859
54938
18594
98775
2612
30151
36541
46336
71195
42797
29697
14607
19036
87824
14804
95753
23817
26739
43365
9740
13347
1498
56439
17750
92023
93852
76119
32740
55861
86549
64015
95319
35756
52631
79028
36623
60430
48511
26991
71437
904
61430
12085
64793
80584
35793
25223
8817
9748
4364
51861
4297
79711
60789
56649
90296
51418
3044
26512
57442
9267
60812
12455
31262
4366
65270
64116
43391
61438
38083
88962
52350
85618
1090
25696
12408
90130
24057
82152
56175
14362
35039
75056
67622
37734
48226
74362
42226
96378
49575
67187
91177
74189
44628
26220
77689
71708
78768
36747
95416
17610
43746
48616
79451
87218
3481
49552
99622
46534
96029
65802
21040
26530
30685
50986
30280
77179
82425
75295
60407
8361
6090
9456
29875
37098
35384
55061
1762
7723
98471
83088
8173
25116
62425
57991
70933
8931
32708
56530
30021
5289
81363
21150
80379
72095
39960
82800
49493
21233
70125
86613
66353
93327
59598
73660
24944
22510
70485
56326
71749
20821
55991
260
37498
92632
90391
47761
44767
29694
95271
2969
56525
28687
97217
57235
41281
67667
64551
10426
22642
20819
22138
68731
30781
2191
97754
91482
82425
11207
15626
31556
43839
22197
45772
20583
21997
73914
9874
415
78764
8598
73099
62201
55460
94191
43848
14652
33615
13784
64889
16455
50696
11307
53026
77484
80
6735
98662
47811
72301
6705
82317
57815
88865
78283
39734
26935
68044
86777
35101
87731
60769
1561
69254
72845
40157
70788
60463
52301
11823
68483
78886
78549
16769
95382
15029
71894
25965
70500
39054
25748
13380
58494
24690
53563
28975
73850
9521
85145
98105
59275
75326
39266
19163
65072
47286
86172
50776
66727
8061
7072
28645
92529
2794
35782
14981
33208
339
28761
27141
10547
53799
65185
38156
82814
55696
30814
16736
63243
23732
1483
38477
85080
91443
95117
46571
84885
51592
11523
73534
16188
48000
28945
1490
28311
36977
77197
91835
33465
41641
63963
96249
88513
25269
13645
11988
7340
35521
67843
96397
26826
68718
27945
70388
8439
71657
82280
3266
74846
71214
94460
73271
3290
29162
12445
53293
80263
41640
4338
48393
58655
53352
88335
46268
20850
35196
51898
71907
15001
54195
43674
87096
76425
34550
98535
90932
85599
37564
85749
52471
27961
99077
52416
50607
53201
75025
62166
63412
72280
98028
54540
67012
42788
42610
6138
20890
82197
93659
42251
71498
15428
78986
44079
98233
8268
95644
86962
40896
51206
92648
15233
54941
60748
84008
40438
40149
96353
11659
2441
19855
32555
54406
15128
49740
23295
25115
84209
18378
51856
71039
16476
54356
46380
24069
65040
82032
49737
83518
48154
55
94462
38336
97349
68508
88069
41940
73561
50242
4508
90263
76590
25281
32118
69682
34604
82633
32694
41257
53975
2952
9191
39571
39595
30078
63728
38258
9650
49653
34006
24662
4547
66847
57995
99243
6276
27782
79371
40116
29093
12753
86349
7663
42425
74951
29525
52361
92744
84827
37426
65891
75049
61923
45387
54400
93809
692
39958
88389
95231
64458
19791
13949
99509
41510
52073
55500
34546
14949
89469
51631
59969
71074
93074
47486
69414
35330
83408
9633
14732
31774
87801
1464
72759
60241
6016
84529
62857
59397
47924
24083
80291
68831
6801
53727
53256
22700
4018
71874
94072
12607
5511
52544
4742
94602
2152
94286
32481
91162
29827
32225
2869
45585
76613
13033
49121
73784
7770
46229
63445
49225
85507
42080
32642
48841
39000
20748
89811
67428
18991
52123
31111
60146
67434
15898
56688
87307
58794
65451
27258
74685
65334
42953
67287
13895
63713
91787
80278
41795
44083
50549
15467
87164
64681
66783
4925
73887
32156
37660
84628
47329
69346
85868
18726
84810
57787
77065
53135
55431
97345
29016
12640
41379
4535
83543
36656
18711
73163
21491
89838
58602
44887
35941
33021
20698
27450
98061
95798
86074
26833
42468
25469
50714
31768
29920
91376
86448
54568
18758
56772
42928
18451
76526
2883
40335
63411
79444
60426
83258
44644
59707
27749
43217
8891
57799
29774
11040
13385
89186
38409
52355
18658
67421
3180
91691
91847
46333
15046
34363
51760
41871
87174
9408
6432
69739
9176
38701
21539
91174
37576
54436
41065
27651
23990
36918
17551
1722
1579
23834
55981
28645
22824
72409
15040
98106
89451
42680
81322
71706
8297
65979
38828
82969
21912
32729
93463
66528
93901
59002
54575
56775
2321
39288
62139
19082
3752
7785
26346
22322
54068
57608
76805
76255
82167
48569
13960
31920
73930
75324
46232
71041
86926
9104
79389
81363
41455
6206
87610
86515
42314
94883
78729
29502
17359
18190
57321
2321
77247
70318
76424
30521
71060
75486
31076
80027
23904
94782
25029
22488
12096
41869
16113
99012
75389
93427
85731
58747
69091
3023
88869
33372
94012
73953
24725
4114
17316
50326
89358
21243
24870
75322
44329
4945
5862
67224
55948
32678
59824
10268
92464
56519
76656
4338
14724
18250
68837
66667
95933
38039
76852
7660
54943
27571
36326
40120
63998
31272
29050
10627
58567
88348
66305
1655
86017
87381
42150
62583
56862
57458
34184
7974
96889
23047
40139
72835
84665
84595
86691
5705
58476
81032
77808
83613
16911
73897
63045
30795
5672
81734
47366
46542
59957
91100
63734
19197
76449
52980
95044
68957
44598
75587
80327
83928
34647
68466
22748
67109
38807
63482
35562
32921
25281
52060
6036
38742
36159
77719
81324
94421
32891
22601
80262
56151
22722
27518
15994
84330
6057
64126
7950
5417
93772
36238
51361
43577
25648
52146
15419
60627
17000
32534
43827
16813
47046
1615
88708
7801
2387
88317
2425
25823
4979
36241
4405
27829
95880
79934
57798
2606
90294
3296
78891
8805
99864
40585
5799
80763
37708
88601
69472
66527
11957
99383
46763
32921
3221
60045
4824
44546
63066
35104
6218
84178
38222
80895
25649
64832
72100
86791
95854
76510
77558
98062
97201
16646
40094
88569
54323
46667
17511
58809
20513
1884
82132
67680
84823
27173
95092
87325
94655
77434
19949
49283
87755
33585
95313
78178
69602
14087
91694
65437
22699
65275
26093
79459
27967
24715
15739
43910
11344
17699
93080
55837
88993
89378
17931
66686
61206
83794
51729
41040
47702
85911
74005
3324
77399
44738
89979
57017
39824
18717
77308
52321
36221
3182
60806
23953
22414
53478
59467
85446
6497
88561
14665
14822
12930
87018
83530
98485
26493
34472
22633
6211
66724
86264
40480
24815
67424
28646
94754
59929
18292
75770
8151
9974
33658
44396
34690
18405
6796
58075
44449
26514
27124
67414
64770
15561
2350
68914
28568
55598
7098
28900
66092
24101
98197
16537
49334
50006
59942
47124
15550
55395
52128
27764
69231
70097
73790
98281
15691
45160
27441
4862
76452
58737
87991
77507
12055
12895
23623
87347
85000
392
75564
45152
94208
47523
33668
87770
93011
58264
48542
24725
37085
96298
61834
91651
17476
9181
68286
2704
7584
19115
5933
77752
39955
51995
81485
37483
73146
82233
50792
17235
83258
32503
63445
67652
52890
54515
14822
57409
8340
29034
29975
87989
23735
18095
81410
40856
8993
83064
20882
9791
77342
47372
52940
97184
50833
71106
31358
68180
27594
92120
58689
42863
51983
88906
36075
27263
19948
30118
82492
10080
78509
10342
24157
44270
93474
78757
15540
52666
72198
92380
14840
16532
51143
95343
9222
53349
70313
16837
54887
89791
91176
1689
89300
83272
82353
23244
28815
18252
15391
65264
50942
10313
1081
73270
34539
94515
15780
19398
84463
73800
39960
68070
5752
77365
66267
52312
4072
45425
76621
88660
72276
18546
95114
89329
45518
694
25179
6748
98503
44682
84428
52421
59491
30129
73662
78789
3769
85657
62127
22441
14135
23582
80483
29627
6544
24919
38322
66093
31054
3432
10552
77663
88834
19770
54788
67156
5588
17964
48592
33268
7301
76594
14673
38927
27449
6209
16368
91078
66792
79433
43109
26754
91393
52050
35737
43638
96804
40300
92612
22795
46088
64698
66050
71912
69972
60655
31269
66194
64836
29482
80565
86674
70492
36031
63068
96128
12249
78116
69497
9914
33716
5453
32896
12747
48732
4606
24713
93075
85083
20694
97780
51271
44909
53297
98695
1366
69069
66703
67019
11699
94024
7826
56989
29923
1249
25031
74078
96491
58838
53164
45577
25733
93179
90432
63260
25764
76621
86595
92711
78011
64113
82376
67424
57688
68963
90097
42766
60269
11374
87080
40976
7226
44140
78534
22113
55674
82136
9997
67618
33319
3588
69440
83633
38747
36122
99863
93174
33409
55312
23383
22786
81625
35853
84229
73672
35623
44873
79007
55954
7984
63187
88331
55749
27620
89087
96169
45640
93424
76971
21424
37118
27066
9004
45038
19014
48132
8738
19603
94743
4360
3597
43014
98317
64866
94022
30230
45317
75777
10719
86285
52939
43098
29455
11630
89630
13609
20276
24500
3074
71620
19827
91352
43103
90861
47433
6942
91274
80036
29612
6105
38280
99771
58321
85810
6924
19556
41216
66477
47162
16774
35202
79743
85436
54136
69350
72401
67058
88598
23547
80003
2802
71195
9672
11661
55902
32093
45145
48523
51222
69906
3654
20629
19992
78740
88634
2976
53943
92802
91576
71546
53850
28833
20359
30369
44667
4114
15356
2145
67928
62896
55768
32560
47462
83398
28235
40406
14929
50756
72097
93005
4787
21587
62853
73973
89095
99134
6978
80872
79656
80224
8406
5465
87147
49683
2899
85545
75685
10225
43093
76129
59438
8615
15318
75498
34648
86711
72662
90001
15802
82253
77497
72587
40484
1311
32884
62111
74858
27345
73511
75664
52480
3567
32091
15201
56766
24209
56672
79430
53443
19457
49747
5915
76411
2139
66199
41729
35433
37647
45346
20310
58767
49199
5932
12974
13603
65453
99297
1980
90339
44084
38481
31369
4340
48177
79709
35662
28537
85188
87501
88086
62864
42602
18999
33394
44621
37840
39369
25093
80481
50524
44863
20366
57231
43372
45952
13444
48341
1008
4930
46328
49
72363
45446
16314
13206
88497
21625
36829
68426
2915
23342
32390
24588
71476
8291
43200
79594
24066
75766
38121
58942
44966
29522
82225
32154
80533
40861
37593
18265
18659
74158
49168
78854
85807
91463
28137
71049
19755
84579
35173
3991
46883
61182
92644
87661
37515
11798
14265
55765
48949
10611
63390
30603
53719
56122
59127
30461
74201
32300
91141
5587
90910
58903
38194
93066
61235
51325
266
25640
9207
86625
25681
26256
21560
23839
33286
56718
27101
20433
42400
59536
93696
31772
57925
37065
73519
40094
50771
33859
13867
3765
7892
99389
43518
59527
76924
61321
41172
30709
71778
47865
60515
54836
63937
53015
3914
34363
22067
58300
5408
59533
45931
84022
35142
48772
36384
16863
87745
92297
23612
82429
33674
41239
56196
99320
66573
72710
51446
70352
85516
83179
91620
41334
8925
31663
62813
79411
56246
67179
26657
91639
73797
53527
77482
26104
30737
55711
74163
16424
67287
98691
1794
1604
67102
88643
51371
34147
75710
3965
62413
70542
71114
87592
99557
68865
73604
23043
68015
28820
26418
30172
99654
68020
34754
65513
11392
37710
58344
81596
36400
40188
95495
2679
68928
10859
19023
9213
63945
11348
48834
28054
39938
6025
59587
55582
6845
4031
32619
78813
66390
7811
98861
27986
15682
46865
72666
60330
1477
55810
4515
24109
21133
98927
8682
14574
50045
79235
66415
12404
42895
51961
89349
49669
45937
78873
36618
12260
57621
52259
75784
42864
81591
41798
23294
31225
97779
15472
29858
70953
32262
52686
12869
87516
84872
50790
15095
69435
16695
65867
43604
35700
36625
90982
57243
51735
70709
97830
19626
32256
36350
34256
50546
59574
62959
12852
97932
66904
53197
91127
88902
10924
33997
59985
1487
91138
94472
7471
17308
68014
42101
11484
84962
99488
1341
61473
55300
50920
91481
64817
4636
98819
30189
14892
28741
24663
64903
50569
50661
71704
77756
25716
46119
12981
42587
85245
66615
79648
43954
54534
8319
50355
65587
4147
32141
25187
28103
39974
34095
26999
7035
17862
96024
42536
77188
68865
29294
52851
5623
55095
25356
60282
37570
41666
14825
64363
30532
16665
38867
39676
57030
70444
45406
21021
7301
90013
43876
84935
71723
47941
92174
49433
43915
64346
69945
78684
79362
17085
62579
61486
15306
29435
98232
26123
159
81310
82829
33862
41997
44883
92111
31924
44252
79657
67634
14788
14087
23245
92467
79820
56638
92973
42315
4417
26879
53353
82298
27959
12289
53407
58561
51008
58862
8808
14133
49762
66703
57752
96209
23152
64116
96953
33123
13370
62080
10764
44884
11384
95457
25179
12024
50779
10680
5914
48147
53772
21361
79070
26543
97426
39414
91690
6440
73098
25515
88857
79878
36118
67339
34052
54046
67350
79379
36491
60225
38886
45746
58501
59142
25546
34182
14489
90145
2968
70331
5635
51350
76239
36108
88802
5270
7434
20103
10068
43213
37085
43503
12104
11546
29361
44830
35719
85
52166
70313
834
92907
25517
84619
28910
6923
83965
3995
87119
83500
79214
28548
59698
64433
74510
59874
27599
33658
33920
15949
20981
98483
30453
32612
91830
22192
67229
25971
42938
39553
21608
22023
4918
62138
78905
58829
83869
79606
57595
48698
23338
42071
25929
22821
51602
73354
998
19688
32214
80960
69987
22786
56711
96011
69997
33859
12926
79729
43993
90299
14745
62235
82637
8787
13283
49399
82482
72699
37703
20698
45726
1962
2161
38162
3285
79579
59768
57949
38455
64138
40753
75730
20095
41611
12038
57427
63187
49599
79907
35085
43630
97956
47471
47225
7383
11891
98259
95569
38065
52068
52080
5061
77899
64091
76545
59300
98027
93352
40745
47766
26408
88769
59477
16739
47302
81009
32077
37391
34006
73922
95311
18929
89210
44106
30696
14365
32691
14804
13414
51309
54002
10578
73663
89143
57711
87157
87058
58000
27991
20858
93478
35456
40721
74644
26182
84038
44947
20003
87255
86803
76116
56571
92793
37488
30088
8214
8787
60985
51720
79769
90236
43008
67218
7104
21444
46898
18127
80525
21941
20902
65912
2187
84462
36326
26924
88562
31732
24263
99974
417
59176
36167
42194
83576
1908
68394
49701
31744
67465
69856
65862
44607
61366
73455
53599
69395
39395
27775
16970
84686
58068
20755
97810
74304
64745
5372
32834
24193
70221
42258
64715
49154
18865
46104
86224
79654
31439
52690
56451
36210
3306
61668
5377
95273
56805
5379
77424
18367
34568
70543
89889
19450
11870
69302
19671
89915
664
18180
54838
79365
94791
49022
42723
70524
62042
46688
24027
2294
49024
44089
29206
81189
31567
69727
17116
59442
78342
91611
86082
73826
35945
24357
91988
37634
58055
58583
72089
3921
28509
66984
6144
43722
18369
14579
62833
77119
18159
61749
3732
85504
22371
87829
47954
5084
57716
75667
86360
39723
97212
67363
74447
3058
15317
68613
28938
67735
92635
60475
40620
93252
58316
19147
59650
95877
10487
12292
86549
42257
11987
84937
64970
28469
29836
89191
94271
39427
95470
85901
44716
83719
24477
55742
23076
26778
13981
88910
1040
78310
91969
41424
84406
16063
31291
59991
72788
61042
80619
3504
27713
52070
21170
55683
87121
99825
72199
25440
85485
14678
11005
29910
72053
87218
24177
67044
67942
72835
95907
99370
97599
74162
86752
85551
84980
70826
50279
95935
72936
13406
99327
30008
2395
32728
76278
94703
48847
58089
23362
69239
53673
16687
40959
5946
3765
43385
87548
71511
76278
43769
49301
41619
49772
99395
81846
36207
30083
24064
94074
5929
20601
3713
36343
15529
5098
57690
74075
13617
99924
50966
82640
44607
43341
220
29112
77877
15155
81038
54485
90695
26569
75557
76955
91414
36898
34657
84398
74854
7246
43190
78015
38732
28825
79098
53014
83664
84482
60860
69717
48220
530
95934
27334
66046
87834
68984
82677
57822
20685
78482
58594
52964
50935
30865
64879
54483
17908
20881
40488
19181
10453
5559
73421
80349
82288
58926
29797
40061
71891
40719
70594
30430
27260
93564
37894
54366
2709
40270
3957
12663
90764
8018
98436
26362
3351
33168
72125
11883
83330
52664
25236
14987
35431
35821
97178
11814
21164
49902
63833
4587
97804
69048
76503
89933
69638
69003
40482
47257
33176
26034
20013
96884
75137
23791
47003
69088
63143
8996
57351
35826
67753
66053
13018
81139
26503
11480
50453
2270
1292
78824
45862
87826
99879
