82835
42322
52360
11519
66834
52081
5868
24224
99388
65302
33429
16133
78466
92394
87258
86704
59573
87275
86125
36009
40917
29126
1946
86411
18399
40805
92067
51723
92175
94576
13418
90570
2941
18719
33490
72655
87266
76592
33368
72964
7006
80822
92032
41264
79409
43049
35514
56138
84553
10859
29683
61175
12999
39785
50446
43081
14355
49027
47345
86674
68752
52167
90100
60400
80730
57666
13079
36365
15357
38647
49232
2928
94997
97541
14131
7359
52506
13119
45190
8138
39958
65526
11877
64351
1315
99417
28446
8229
60393
6032
37016
34386
49043
8772
58900
25801
79539
56238
35839
16140
29212
49129
46890
30812
90867
47151
59264
56648
60231
2494
66136
10145
32935
12394
54013
90540
23220
98549
93656
95226
68179
47542
82000
23669
46550
80873
32128
35880
14775
90301
6880
38180
8963
15441
41027
55447
31809
36395
16056
74544
76761
53930
70009
15977
61013
89154
77623
30634
43233
83786
88802
55852
72100
9402
51526
53856
10075
35981
41332
84444
91842
21818
35614
2789
55360
70498
13086
60855
88651
77998
26003
97008
97061
1442
54163
96425
11424
56429
3312
50488
17500
96698
84750
71501
49576
44573
49438
87549
11916
69282
30857
89838
50121
25141
40230
54587
26103
93010
87808
70381
17361
88669
99805
40899
60616
30171
31568
56665
40223
89464
17653
53188
69545
62579
92368
63706
43413
82103
35876
21359
28813
85174
50938
14714
31514
45546
49967
46737
97484
84117
98010
22206
77613
43710
35536
8316
19353
55954
91343
75013
96663
25102
38493
24045
26634
52001
7926
94104
10832
50112
39125
12119
66948
11939
15583
38536
15285
3501
46836
65895
3618
11744
52037
15657
21077
27007
55234
6827
82349
38284
55334
83374
29383
37577
94824
31916
75982
10710
8255
42219
48944
99161
84587
9304
65163
48757
93758
87415
36518
98742
36073
97635
48062
55131
91575
22852
9490
34563
22725
11949
69417
51396
23969
70883
76926
35714
79548
1556
92612
79629
67296
57314
58922
4916
71156
4566
74751
13084
40548
88843
85160
93173
79736
68887
99168
86899
46237
20243
79868
10987
54419
26861
12526
48908
23041
84094
77288
6335
19312
33166
81624
941
26107
61384
50475
83223
34868
17078
24819
11480
94458
38163
53165
11136
29492
17870
54191
29803
37988
6110
64086
2430
30062
78669
82795
53207
5061
63653
1930
29619
6026
68626
97179
42238
31328
21493
73664
24934
6398
1465
54295
83534
85623
39397
26205
24390
62617
25673
65782
53460
67548
23726
22954
5055
83391
40654
3454
31044
82071
85800
66824
12035
37029
47064
34442
60750
29246
60356
12860
76590
7198
12615
91692
39196
24951
77113
90757
88395
49858
14990
55679
36448
66783
40840
16331
57546
88730
68969
27532
43906
47601
60333
94894
19951
28155
19859
58182
3644
67208
60884
64210
94064
69774
45813
85682
73527
85107
61762
66727
8267
29441
38154
27481
43938
61992
62451
4684
29880
79567
1650
21321
73942
74914
2106
54028
89327
15298
38329
29089
50727
87653
66158
80811
54502
17076
87135
89717
25246
90087
37124
21339
2708
81359
43890
34091
30864
67337
99953
74146
35232
29528
71725
83692
11931
18497
61094
46101
73678
10768
41254
30322
31543
14817
92465
75540
78264
10777
44692
1910
92243
64733
51163
44843
10801
37678
45069
66669
84383
45390
7146
52680
82034
24738
87821
72796
89343
56673
51639
60862
39690
87199
32926
54632
4500
25165
11072
54409
63973
79143
46042
3367
59575
90585
47153
90352
92399
77230
26946
16443
29098
45734
94390
45086
3663
98669
83545
48190
49165
13776
43890
76872
8681
32252
47575
17200
92176
48570
93819
19924
30644
31631
73633
4018
16568
78338
13966
78098
19238
81790
47552
1195
73513
68688
97555
57838
61607
54614
70726
8025
23910
59660
98711
80331
20475
2236
45674
43873
40671
59389
66213
92119
65792
66528
23038
56116
33850
99716
34538
46663
38536
14994
1356
5595
5855
9773
75301
21051
83772
7463
45089
880
65035
1838
1135
95554
84325
33603
5419
88413
39510
86850
55501
76531
10017
29745
68501
79746
67562
64418
52097
26150
21974
20258
61713
54094
44864
19934
99002
68760
71590
34161
4048
62356
31770
45340
39775
96578
79100
99598
52491
31963
85053
44827
84675
88649
45705
31231
76007
1397
30252
39299
97142
84873
94526
78565
15485
17075
84080
18327
7491
5191
5630
72483
32407
32117
71871
92179
87484
78457
74663
77976
30763
20770
93012
84295
50784
75857
44732
6451
23745
85461
98852
86781
98967
58207
74254
56150
62596
43849
57944
53305
67969
5985
46711
58399
90220
71778
26167
73455
89669
82004
96773
22377
71294
47471
67601
51782
42410
71479
75548
27841
64108
77652
30456
43708
49227
67937
55379
28278
53437
56956
29481
62773
9785
87347
99416
34040
500
30069
17979
50625
87085
30938
79849
78564
87978
97405
90349
92408
51112
93598
34662
69502
21128
53108
98565
7288
49770
15365
34506
5076
35772
15810
93770
68869
61114
28010
33224
960
93194
10007
2899
23985
37097
83268
95110
69409
41273
33546
96907
97506
33911
17261
6488
1724
23798
92472
95671
83437
4380
64897
8602
38163
98056
26572
41999
95654
73161
60139
41994
36426
52633
17924
13578
77099
50104
83208
82036
53548
50205
53739
87664
84889
58376
15244
27644
87970
28033
18212
57775
20814
52225
38773
6920
85825
53084
53733
99355
2617
82404
69466
6549
12750
17883
40718
83961
90746
17295
33300
25741
29439
41627
63010
34326
44846
54782
89062
96140
15269
60902
1406
10511
79852
30546
94055
41954
34278
40865
13861
4653
97363
32360
40580
90056
53798
30781
43943
61578
65491
4169
93676
37396
33012
44708
76276
51363
67042
48464
9590
19778
96826
60844
46133
44938
8289
85318
76641
80312
2099
71482
45904
8411
53779
52246
4070
76393
43424
14640
13560
48486
93080
17394
34806
18299
88501
6137
73320
90591
78733
20449
5018
21206
2216
96430
77179
41174
87607
52794
91083
26535
36193
92901
28799
8937
7445
91373
59018
89484
24822
66261
56140
22022
17618
55138
91485
48715
34703
94652
85820
9908
11933
38017
50849
21752
2861
85176
51144
38165
76913
99174
75081
15291
24493
22381
83361
98974
67584
81640
17977
53308
35663
76520
76208
76022
58653
38579
72494
73910
8485
12498
58418
5167
20088
73558
64881
37829
12554
7330
77318
82672
42124
84618
50738
10341
84546
63342
95838
48143
57439
68276
36283
58481
43052
68736
80714
15523
66450
57065
64994
61068
1988
68305
57037
12075
63180
2925
16193
43561
53985
73098
68824
65513
1112
59858
17947
2708
46807
6813
8139
38980
6197
7367
11257
77142
55207
45426
13672
93654
27066
82175
39270
6889
27056
487
34651
23771
14198
35207
12982
48529
36092
58109
37380
28031
58239
80188
87126
20175
96497
74563
64575
84861
28113
29114
75193
48593
15706
17051
51000
83125
87888
3672
34248
34960
29059
8102
13051
77154
49254
38110
54945
62145
5696
64792
19459
27812
74311
25324
33665
72107
74467
41489
40186
72806
50977
70795
9242
89480
84636
87317
41392
1141
2896
72843
21876
24400
9381
57837
10087
48017
94945
78086
27876
39908
56250
19052
27748
41297
99220
93336
14970
50829
26480
84192
19994
1295
61174
52478
2664
4074
12208
98628
19197
19806
61564
91904
69493
82398
73678
3657
91716
21494
61694
87351
16740
74437
61207
73122
33499
96375
11519
63699
5863
59540
68655
94058
85477
13781
51572
55690
11272
99375
62222
57106
63976
10784
38566
36723
54397
3241
12186
5365
69736
12712
33986
24630
79863
80052
26817
45108
91740
80633
50991
43804
91081
99653
82749
69542
95476
84275
58444
34069
24852
14682
93583
97449
4833
97561
67021
98482
24336
6867
42435
11618
88373
13573
96554
3113
87093
81766
66425
8792
57365
41177
10082
58571
17464
35885
75243
80374
85647
72225
91904
7378
45510
4083
73654
77583
1890
4097
82850
92792
273
45071
92953
60624
96057
3196
53672
72092
95137
4995
57863
70755
84375
79542
36668
33314
72955
27495
6832
19906
81243
37698
40443
44021
59
22263
54594
95084
49970
29802
80416
21096
45454
17681
99190
70650
89316
83163
75946
71364
83353
20459
49135
29636
871
14434
85952
66810
93128
78336
72761
95290
88994
27799
49684
40356
89105
95814
76753
51781
50451
42517
73020
29959
59632
40843
79953
72350
84101
22931
89368
5966
27931
66301
29994
37452
37974
73707
50797
74940
59932
10417
33606
61358
43616
28547
42030
68705
6218
6934
88460
9814
81927
90893
68768
46522
91272
85262
4201
5263
91033
65439
42180
55739
58085
84240
48788
57930
9702
71034
43303
42176
63856
75443
10100
95262
4465
89696
68653
51090
42366
25623
11869
23603
4065
34194
37609
29964
25959
31236
94124
63405
49295
18938
33154
11922
25949
79669
35525
97607
37212
34965
54602
12418
30146
75034
52775
89446
25152
38365
51685
20744
66055
74229
77281
64549
34694
3663
43653
7470
37857
48028
62370
99379
32649
45679
91493
97846
36880
26482
59231
65136
98869
83308
39295
86977
63273
50507
21548
82570
12657
68302
99986
87157
7660
38467
77572
67776
67111
89924
87537
11360
86970
82061
15182
7815
91001
60266
48534
38893
31361
40807
15007
19490
69115
13162
24360
29618
92836
37930
84535
81228
46787
59972
90457
26473
82010
70260
60588
86762
73520
23859
54938
18594
98775
2612
30151
36541
46336
71195
42797
29697
14607
19036
87824
14804
95753
23817
26739
43365
9740
13347
1498
56439
17750
92023
93852
76119
32740
55861
86549
64015
95319
35756
52631
79028
36623
60430
48511
26991
71437
904
61430
12085
64793
80584
35793
25223
8817
9748
4364
51861
4297
79711
60789
56649
90296
51418
3044
26512
57442
9267
60812
12455
31262
4366
65270
64116
43391
61438
38083
88962
52350
85618
1090
25696
12408
90130
24057
82152
56175
14362
35039
75056
67622
37734
48226
74362
42226
96378
49575
67187
91177
74189
44628
26220
77689
71708
78768
36747
95416
17610
43746
48616
79451
87218
3481
49552
99622
46534
96029
65802
21040
26530
30685
50986
30280
77179
82425
75295
60407
8361
6090
9456
29875
37098
35384
55061
1762
7723
98471
83088
8173
25116
62425
57991
70933
8931
32708
56530
30021
5289
81363
21150
80379
72095
39960
82800
49493
21233
70125
86613
66353
93327
59598
73660
24944
22510
70485
56326
71749
20821
55991
260
37498
92632
90391
47761
44767
29694
95271
2969
56525
28687
97217
57235
41281
67667
64551
10426
22642
20819
22138
68731
30781
2191
97754
91482
82425
11207
15626
31556
43839
22197
45772
20583
21997
73914
9874
415
78764
8598
73099
62201
55460
94191
43848
14652
33615
13784
64889
16455
50696
11307
53026
77484
80
6735
98662
47811
72301
6705
82317
57815
88865
78283
39734
26935
68044
86777
35101
87731
60769
1561
69254
72845
40157
70788
60463
52301
11823
68483
78886
78549
16769
95382
15029
71894
25965
70500
39054
25748
13380
58494
24690
53563
28975
73850
9521
85145
98105
59275
75326
39266
19163
65072
47286
86172
50776
66727
8061
7072
28645
92529
2794
35782
14981
33208
339
28761
27141
10547
53799
65185
38156
82814
55696
30814
16736
63243
23732
1483
38477
85080
91443
95117
46571
84885
51592
11523
73534
16188
48000
28945
1490
28311
36977
77197
91835
33465
41641
63963
96249
88513
25269
13645
11988
7340
35521
67843
96397
26826
68718
27945
70388
8439
71657
82280
3266
74846
71214
94460
73271
3290
29162
12445
53293
80263
41640
4338
48393
58655
53352
88335
46268
20850
35196
51898
71907
15001
54195
43674
87096
76425
34550
98535
90932
85599
37564
85749
52471
27961
99077
52416
50607
53201
75025
62166
63412
72280
98028
54540
67012
42788
42610
6138
20890
82197
93659
42251
71498
15428
78986
44079
98233
8268
95644
86962
40896
51206
92648
15233
54941
60748
84008
40438
40149
96353
11659
2441
19855
32555
54406
15128
49740
23295
25115
84209
18378
51856
71039
16476
54356
46380
24069
65040
82032
49737
83518
48154
55
94462
38336
97349
68508
88069
41940
73561
50242
4508
90263
76590
25281
32118
69682
34604
82633
32694
41257
53975
2952
9191
39571
39595
30078
63728
38258
9650
49653
34006
24662
4547
66847
57995
99243
6276
27782
79371
40116
29093
12753
86349
7663
42425
74951
29525
52361
92744
84827
37426
65891
75049
61923
45387
54400
93809
692
39958
88389
95231
64458
19791
13949
99509
41510
52073
55500
34546
14949
89469
51631
59969
71074
93074
47486
69414
35330
83408
9633
14732
31774
87801
1464
72759
60241
6016
84529
62857
59397
47924
24083
80291
68831
6801
53727
53256
22700
4018
71874
94072
12607
5511
52544
4742
94602
2152
94286
32481
91162
29827
32225
2869
45585
76613
13033
49121
73784
7770
46229
63445
49225
85507
42080
32642
48841
39000
20748
89811
