84274
84274
84274
84274
84274
84274
84274
84274
84274
84274
84274
84274
84274
84274
84274
84274
84274
84274
84274
84274
84274
89830
84274
89830
84274
84274
84274
89830
84274
84274
84274
89830
84274
89830
84274
84274
89830
89830
89830
84274
84274
89830
89830
84274
28095
89830
28095
89830
84274
84274
84274
28095
84274
89830
89830
89830
28095
89830
84274
28095
84196
28095
84274
84274
81789
84274
28095
89830
83552
81789
35598
84274
50363
28095
60326
50363
89830
35598
89830
60326
81789
60326
35598
35598
28095
89830
89830
35598
50363
28095
84196
35598
28095
84274
69309
84196
28095
89830
84196
89830
96903
50363
28095
84274
84274
60326
28714
60326
50363
69309
28714
28095
69309
50363
24971
84196
69309
89097
24971
60326
35598
91788
84274
28095
56823
35598
56823
28714
89097
96903
69309
35598
24971
89097
81789
84274
24971
28714
84274
89097
96903
84196
24971
69309
24971
24971
89830
60326
28095
28095
84274
96903
84196
50363
83552
28714
28095
24971
50363
83552
83552
60326
96903
96903
89830
60326
84274
28714
84196
69309
50363
50363
83552
24971
60326
28714
89097
89830
89830
81789
69309
83552
35598
56823
28714
56823
84196
35598
28095
84196
60326
28714
28714
96903
69309
24971
56823
12835
81789
60326
81789
91788
69309
84196
89830
29251
9088
89830
28095
22849
28714
28714
91788
22849
33755
83552
83552
98598
50363
84196
22849
98598
69309
89097
83552
35598
56823
91788
60326
98598
35598
35598
2761
9088
28095
50363
60326
98598
56823
35598
81789
96903
22849
96903
56823
22849
33755
98598
98598
41784
84196
24971
89830
59704
12835
91788
28714
83552
41784
2761
84196
9088
33755
50363
39949
96903
84274
33755
60326
60326
22849
84274
24971
24943
41784
98598
98598
33755
22849
36460
59704
24971
28095
56823
98598
41784
35598
96903
56823
27816
83552
12115
98598
35598
89830
59704
84274
24943
96903
22849
27816
56823
36460
89830
98598
24971
39949
9088
98598
83552
24971
83552
2761
41784
84274
84274
96903
84196
60326
22849
33755
84196
12115
12835
26157
28969
41784
28969
56823
28095
35598
36460
33755
81789
28095
83552
91788
28714
69309
33755
56937
84196
22849
84274
56823
23870
28095
33755
41784
83552
89097
12115
53780
56937
59704
96903
28095
59704
12115
69309
2761
84196
56823
94255
81789
46602
28095
71170
27816
23870
2761
60326
60326
27816
28714
46602
41784
59704
89830
60326
56937
89097
36460
50363
89830
12835
12115
28095
39900
5378
91788
9088
24971
91603
84196
39949
74411
24971
84196
59704
84274
41784
56937
74411
12115
12835
16606
39949
12115
5378
2761
39949
89830
28714
24943
27816
36460
84196
74104
5378
16606
24971
71170
96903
84274
98598
9252
60326
33755
28969
89830
41784
36460
22849
59704
12115
98598
12835
89830
12115
12835
56937
24943
96903
84274
49239
33755
27816
16606
36460
69309
33755
46602
91788
22849
84087
28969
32147
61734
23870
24971
53780
61734
71170
24971
94255
12835
56937
5378
94255
69309
49239
28714
74411
28969
5378
96903
28969
60326
56823
28095
54411
23870
91603
256
23870
96903
24943
69309
96903
61734
91603
60326
56937
61734
71170
61734
54336
84196
12835
28969
96903
71170
94255
91788
24971
12835
49239
24971
46602
54336
5378
74104
34132
91788
54411
46602
83552
98598
28969
23870
45840
45840
2174
28714
39949
69609
71170
9088
5378
61734
54336
35598
34132
35598
23870
84274
61734
46602
94255
46602
96903
28095
28714
39835
56823
54684
28714
39835
28095
33755
89830
74411
69309
28095
54411
94255
91603
28969
74411
27816
41784
36460
94255
94255
256
83552
28714
24971
54684
35598
12835
74104
74411
2174
54242
74104
91788
46602
41784
28969
35598
69309
41784
24971
39835
84196
84087
35598
16606
27816
28095
91788
84196
41784
28714
54242
41784
35267
61734
71170
46602
35598
89097
36460
23870
15182
50363
27816
28095
39949
98598
61734
2761
35267
56823
28969
89097
51167
59704
29074
50363
54336
74411
54242
34132
28969
10473
22849
71170
98598
2174
54242
2761
36109
54242
10473
74411
35598
91603
91603
69609
24943
54242
16606
35598
71170
98598
28714
34132
12115
94255
16606
256
51167
23870
39835
51167
84196
56937
23870
36109
92127
74104
24971
89830
96903
84196
12835
89097
28714
89830
60326
82511
27816
44208
56823
34132
25873
2375
51167
92127
71170
49239
89830
84087
91788
53780
29074
9252
53780
40400
44208
2375
2174
83552
22849
91788
45840
23870
49239
28095
69309
28969
49239
36109
71170
22849
2761
98598
8827
91788
96903
24971
23870
16606
82511
39949
81789
74411
256
9088
84274
2375
56937
2375
28095
35267
84274
15182
9252
74411
9088
45840
35267
2761
84196
34132
84196
45840
71170
24943
33755
35267
53780
39949
61734
94255
2761
92127
80426
83552
15182
22849
69309
59704
89097
94255
5378
56823
62743
28969
91788
81789
46602
28095
2761
56823
9088
12115
45840
84087
5378
8827
69609
82511
84274
35267
53780
53633
36109
28714
22312
46602
82511
98598
35267
80426
94255
91788
81789
35598
13852
16606
34132
91603
16606
74104
74104
89097
84274
40868
20020
84237
13852
74411
74104
82511
22849
9088
9252
5378
82511
9252
49239
2375
35267
39949
27816
56823
2174
54336
16606
22849
41784
56823
69363
45840
40400
60326
92127
23870
53111
74411
74411
34132
60326
28095
10473
22312
96903
35267
28714
24943
80426
53111
69609
2375
43781
35267
10473
91070
53633
28969
83552
44208
12115
69309
91070
53633
62378
74104
2761
33755
54242
91603
50363
35598
81789
5378
53633
74104
256
22312
256
29074
27475
69309
54242
46602
16606
43781
69309
5378
19272
12835
82511
1611
89830
80426
5378
16606
23870
43781
24943
49239
48181
89830
27816
12115
92127
33755
51167
12115
35267
22492
2174
28714
60326
76138
54684
54411
44208
79506
74104
40400
39835
79947
69363
28095
91603
50363
91603
56823
23870
9252
48181
51167
98598
5378
8827
36109
81789
13852
91603
16606
12115
19272
39835
10473
80426
56937
91603
27816
22312
98598
92127
22312
36460
54242
49239
69609
14970
76138
62743
48181
91788
62743
46602
24971
33755
84237
27475
91788
50363
82511
94255
36460
60326
13305
41784
84087
49239
92127
28095
48181
94255
92127
62743
24971
19272
39835
50363
53780
33755
84196
13852
54242
56937
10473
12115
74104
76138
7031
28969
27816
39835
54336
8827
36460
46602
13305
91788
59704
45840
62378
13305
54684
84274
79947
16988
9761
5378
92127
84237
33329
63762
28969
82511
39835
34132
54411
92127
44208
56937
39949
74104
31661
5378
79947
60326
46602
60475
14970
45840
60326
27475
10473
53111
35598
53633
48181
89830
74104
14970
28714
66457
2761
41784
79947
39835
9088
1611
9761
54242
84087
28714
70902
31368
2174
82511
79947
39835
94255
47175
7031
61244
84087
49239
2174
22849
71170
66457
82511
53633
60326
84087
83552
11533
47175
2375
8827
79947
89830
61734
60326
91070
56823
63762
89830
61734
97082
22312
13305
18021
28969
61244
84196
19272
84196
45840
60326
41784
81789
12835
56823
28969
91788
62743
43781
53111
61244
22849
69309
76138
36460
13252
54242
10473
19272
53111
50363
9761
12835
61244
28095
41784
79947
39803
94255
84274
44208
46602
2375
62743
54336
84237
2375
54336
56937
36460
12835
36460
84274
5497
22312
32461
69363
39835
54411
89830
35598
74411
84237
39835
54411
2761
9252
82511
9761
13852
22312
83552
37561
56823
71170
83552
49239
2174
35598
59875
53111
62378
11533
89097
8827
35598
8827
59704
92127
7031
35598
15182
10473
87507
81789
66457
54242
31661
31368
15182
35598
23870
43781
96903
79947
36460
82511
31501
69609
54684
10473
69309
44208
69309
53111
84548
12115
39248
14970
32183
12115
84274
62378
81789
24943
89097
89097
62378
256
74411
50363
91603
54336
33755
56823
67481
13305
83552
69363
46602
27816
41046
43781
97082
97082
82511
54242
46602
82511
84087
80426
1611
71170
33755
41784
95498
80426
62743
2761
91603
61244
79506
77783
33050
76138
9252
84220
16606
35598
84196
2174
50363
63762
87843
91495
28095
69086
98598
76138
74104
56823
45840
54242
84237
24943
69363
818
62743
69363
61784
71170
28714
36460
91096
79506
94255
39835
35598
35598
91070
53111
18021
80426
41784
12658
60326
81789
54684
33755
53111
66457
18021
62378
31368
18021
47167
43781
28095
39949
62378
35267
16606
96903
44208
46204
95184
54411
7031
15182
91788
31368
53780
35598
79947
2761
9252
27475
96903
60475
80426
24971
17954
41784
41503
61734
10473
83552
28095
256
91788
84087
40400
13852
84196
74411
60326
79947
18021
92127
16712
27816
1611
46602
41784
1611
22849
90789
5378
5378
56937
91603
23870
28714
89830
94255
11533
84237
89830
24366
22849
79947
13305
91788
16606
89097
28095
9088
12115
35598
2375
81789
47175
71170
56937
46602
62378
12115
43781
22492
10473
2761
82997
13852
10597
51811
33755
60475
35598
34132
10137
12835
48181
53111
53780
71170
24971
60492
22492
36109
1611
54411
71170
36460
54242
71170
50363
76138
9088
36460
91726
59358
84196
22849
96903
48181
24943
74944
98598
5378
61244
44208
56937
54411
84237
91603
28714
7031
13305
97082
25985
66457
49239
53633
40400
9761
48181
31661
29074
60326
74411
60326
62378
80426
41784
19372
44208
7031
77969
33755
53780
29074
15182
2375
89097
19272
35267
10473
83552
2174
28095
76138
39835
22849
2761
84274
82511
53780
54411
48181
40400
9088
92127
39835
76138
92127
31661
24943
29074
60326
84274
35267
48181
92127
74104
53111
7031
79947
16606
74104
79947
35598
61734
43781
2174
69309
96903
63762
84237
45840
13305
9252
22849
53780
28095
71170
63762
24943
63762
29074
84087
13305
53633
59704
36460
91070
1611
66457
13852
2174
35598
5378
5378
8827
46602
22741
14970
23870
8827
80426
39949
22492
27816
61244
54684
31661
61734
11533
56823
71170
92127
10473
76138
18021
29074
84087
22492
34132
95760
28714
8827
22312
84196
84196
81789
2174
83552
39835
33755
24943
89830
72528
81789
24943
98598
54411
19272
97082
97082
69309
98598
48181
9252
49239
56823
30215
91570
14970
40400
50363
13852
54411
28095
54242
97199
39835
36109
28714
53633
27816
80426
14970
10473
34132
12835
7031
53780
20304
91070
75978
61244
16157
91740
51167
84274
9252
82036
98598
41784
54336
74411
46602
28969
49239
10473
53780
89830
35267
33755
96903
91603
51167
22831
60326
84237
35267
56823
97082
76138
24943
31368
54336
7031
52167
82511
11533
74104
39949
27816
53780
60475
24971
62378
69363
2761
91603
14970
21330
13305
54242
34132
2761
62743
9088
45840
8827
84196
49239
79506
12835
9252
45840
28095
61244
10473
35267
39835
69363
79947
89097
35267
89097
28969
44208
2761
27475
74104
11533
18889
5378
22492
2174
97082
27475
27475
35267
61734
28095
10473
24971
89097
91788
10473
60326
98598
28969
24943
33755
13852
34132
39835
5378
12835
32614
84237
46602
92127
56823
29074
16175
48181
98598
83552
91378
46602
31368
83552
92127
22312
89097
56823
74057
22312
12835
79947
6902
1611
47175
41784
77612
79506
24971
8827
54242
89830
9761
39949
60326
84237
80426
84237
2174
79506
98598
59704
50810
83552
39949
19272
69609
28969
79506
28714
62378
39835
37239
80426
62378
40218
84274
53633
62378
36109
23870
8827
62743
39949
14970
53780
44208
16606
84087
44208
44208
98598
22849
15182
35598
91603
74411
34132
48173
51167
24971
61244
39949
69309
56823
89830
22312
84196
28095
84274
59704
83095
71170
79947
35598
24971
28095
14970
73441
28969
53111
15182
91070
28969
1947
27182
27816
71170
89097
91603
18266
2375
91070
66457
8827
96903
45130
83704
2761
43781
81789
54242
31368
47683
92127
89830
89097
63762
96903
12835
39835
54242
9761
81789
35267
84237
40400
46602
24971
2761
89097
7031
10583
28969
96903
9761
62378
59704
22492
29074
79506
49239
41784
76138
64456
8827
9252
40396
89830
96903
91788
36460
35598
59428
49239
9252
9968
22849
84274
96903
10473
12115
76138
8827
12115
7031
51983
54242
10473
92127
256
12835
69309
44208
13852
22849
76138
2375
35267
35267
19959
84196
13852
66457
89830
91603
46534
48181
53111
10473
9252
76138
9088
22492
61417
60475
35598
2174
54684
61734
80426
83552
33755
91603
53215
78681
84196
22312
1611
50363
10473
56823
43781
89097
84087
45840
36460
22754
11533
43781
92127
19272
91603
22312
12115
27475
98598
50363
82511
256
2761
69162
63762
2375
68091
83552
7031
29074
62378
2761
59704
33755
22492
54684
60326
36109
97082
69309
91070
67431
256
79947
66457
36109
82511
48181
12835
53111
9088
73654
10473
8827
256
89097
31368
84087
13305
49239
36109
12115
59704
27816
13305
36109
46602
56823
1611
74104
56823
12115
15182
39835
16606
79506
94255
10409
53633
28095
14970
97082
8827
31368
11533
54242
1611
47175
65975
36109
29074
83552
39949
79947
56937
2174
84274
22492
88313
94255
28095
35267
27816
35267
92127
53780
22312
27816
8827
10473
33755
46602
27919
60922
29074
54684
39949
27475
96903
89097
87970
54242
60475
89097
10473
76643
28969
48181
9252
12115
69309
84237
2375
2375
2761
63762
69363
60326
91070
82511
47175
54242
47175
63762
23870
84196
25089
61734
27475
84196
31368
28095
47175
16606
1611
5378
27475
70446
28714
60326
34563
71170
53780
33755
51167
1611
63762
89097
83552
60475
81789
41543
31661
11533
56823
62743
9252
11533
44208
80426
51167
60326
56937
39550
11533
98598
44208
8827
71
35267
13852
7031
94255
29074
42491
39949
89830
6153
74411
10473
340
44208
79947
53633
22312
54684
16993
84196
31368
92127
40400
5378
39949
21360
92127
27475
59704
53633
63762
84274
27475
27475
51847
97082
13852
47175
12115
91603
84196
69609
39835
39949
56937
53780
1611
40400
74104
89097
28095
59704
22492
12835
19272
19272
15182
11533
91603
81789
69309
61734
54336
40400
36460
79506
69609
61734
54684
91070
19272
69609
28560
31368
22849
34912
11533
74411
2375
54336
28969
54242
54336
54411
39835
46932
54242
53633
43682
91070
82511
2375
89830
63762
34132
92127
27475
61734
61734
10473
69309
14970
63109
71445
54922
71170
40400
60213
53111
9252
8827
15182
16606
53111
59704
53111
66023
31661
24971
18021
82511
84274
79506
89830
39949
48181
15182
28969
18021
15182
24943
35598
19362
34132
54411
62378
256
51605
96903
23870
79947
22312
84087
2761
79947
15182
53633
18021
53633
61017
86843
61734
36460
22312
71170
60475
31368
34132
96903
83552
62743
69609
54336
89830
33755
82511
22849
92127
51167
49239
80426
84274
84274
69309
63762
19272
24971
9088
91603
9761
256
16606
62378
79506
61244
29074
1611
28969
18021
31368
34132
53111
24943
2174
40400
54411
84087
2174
53633
54242
75315
83552
56937
71170
50363
62378
48181
7803
89830
91788
60475
7031
59704
91788
23870
31368
53780
84087
16606
62311
56823
60475
69609
42888
9088
22849
74411
20405
80426
2761
81789
56937
2375
13852
27475
90599
9088
33755
22849
31413
54242
39949
44208
49239
27475
5378
62743
23870
54242
79506
54336
74411
16606
91788
31368
76138
12115
13305
96185
14970
54411
89097
33520
39949
22849
96903
89097
22312
24943
54411
48181
76138
9252
39949
61734
89830
65818
62743
10473
44208
11533
35267
23870
54411
47175
2761
46427
61734
41784
89097
22849
41784
49239
54411
60475
29074
60585
24943
78013
1611
60326
50348
1611
79506
35598
89830
94255
53780
69363
14970
34132
61244
34132
91788
27475
72137
89598
62743
54411
22312
29074
53111
27816
49239
63762
31368
54242
24943
256
31661
58282
24971
84196
8827
89830
28095
12835
60939
98598
97082
51683
76138
80426
60326
53633
8223
91070
69609
11533
81789
9761
84274
24943
13305
19272
27816
9252
63762
14970
60326
22312
71170
34132
84087
84274
62743
81247
97082
35267
85296
39197
96903
19272
2761
60475
31661
9761
31661
1611
91603
36109
82511
41784
54684
23870
92127
9252
31661
89830
22849
84196
80426
54411
256
91788
48181
84274
74411
40400
97108
2174
84274
46602
34132
53780
2174
80426
2761
14970
12835
69309
2761
60475
13305
56823
66457
89097
34132
27475
18021
62378
22510
76138
59704
28421
60475
27816
96903
84237
91788
1611
36592
22312
48181
46602
69309
54411
79506
27475
84986
11533
11533
47175
69363
37349
24943
60475
10473
54411
61734
28714
54242
83552
37967
54336
51167
19272
46602
2174
53780
77787
83552
10242
1611
56823
84237
33755
62743
44208
71170
2174
56937
45840
7031
28095
256
35267
98598
45840
54684
89830
62743
28095
46602
31661
76138
80426
7031
89097
59704
48181
82117
63762
47175
36109
97082
22323
61704
89097
91603
28095
9761
80426
94255
74411
31661
9088
84087
35267
14970
69609
13852
74104
1611
89830
66457
2174
48181
84274
74104
40400
29074
84087
1611
40400
40400
91603
56937
31661
96903
11533
1611
44208
54336
54336
84087
60326
45840
59704
36460
19272
15182
74104
91070
1611
31368
84087
54684
28969
14970
63762
28095
91603
18021
14970
60475
12835
97082
91788
91603
60326
91070
62378
31661
76138
8827
67825
91788
34
37999
60475
91070
66457
34132
56823
60475
91788
87993
36109
5378
56937
66457
79947
39937
16019
69309
31661
56981
59704
92127
97082
56823
83552
35267
13305
61734
36109
84087
49239
28969
74411
35267
48181
24943
69609
31661
1611
13852
27498
36109
33755
79506
91603
27475
39835
28095
14970
54411
12115
13305
18076
31368
82511
92330
39835
48181
71209
53633
79200
24971
61244
97082
54242
36460
82511
39835
18021
19272
45840
80426
89830
18018
2375
7031
54411
53780
98313
96903
60475
71170
63762
94255
69309
98598
46602
69363
12835
84274
59704
69309
48181
66457
30031
3180
33755
83552
28095
11533
28714
74104
35267
79506
12835
51167
22849
43781
84237
28714
91603
53633
60326
34132
94255
41784
48181
74582
50363
24943
36109
62378
2375
40094
86366
51167
84087
33260
66457
28714
16606
27816
63762
12835
44208
50363
89097
45740
69609
12115
45840
34132
54411
2375
84196
28714
61734
63762
49239
22492
9088
8827
256
47804
45840
5718
60475
49239
91603
13305
53111
34132
18021
2761
256
41784
28969
23870
16606
69309
34132
10473
16606
83552
29074
46364
98598
2761
80426
84274
41784
44208
53633
83552
39949
29074
53780
98598
96903
50544
62378
8827
34132
12115
92127
44208
79947
28095
46602
24971
47673
89097
29074
12115
12115
36109
8827
50363
74411
2375
35267
2174
9088
27816
13852
12115
9252
46602
5378
2375
22492
1611
84196
18485
66457
74411
27816
11533
9761
60326
54242
5378
7031
84237
7031
28969
82511
69363
36633
22312
256
59704
89097
62743
59704
45793
2174
79947
26870
63762
256
84237
9547
40400
56823
12835
30568
40400
91603
83552
22312
56937
29477
31368
12115
24943
92463
44507
91070
43187
92127
13852
97082
84237
39835
16606
76138
36109
50363
79947
56937
40557
47175
45840
94255
81789
43781
98598
14247
92127
18021
15182
9088
22312
97082
2375
8827
61734
8827
62378
7031
7031
98598
49703
256
63762
34132
15182
9088
59704
24943
98598
14970
61244
14970
82330
94255
9088
60326
44208
56823
60326
10473
24943
54242
40400
54242
81789
31368
1611
53633
39949
27275
2375
91603
36460
54411
39835
12115
92127
19142
98598
92127
30432
69309
48181
54411
93273
82511
54336
256
48787
79506
64961
13852
98046
46602
8827
80426
10473
46602
74104
50363
91788
84274
60475
13852
5378
12115
52585
83552
79947
62009
51167
36460
54411
56823
98598
79506
29074
71170
61734
31368
50363
18021
51167
56823
53111
2375
99492
44208
9088
27475
60326
13852
13852
81789
84196
98598
22492
36109
59704
69363
41784
31661
2375
12835
50363
88464
2174
31661
61734
27816
97082
53111
10473
50363
54336
60326
61734
50363
47175
12460
27475
9252
79947
56937
84196
69309
33755
47175
84237
96903
41784
79506
11533
2761
91788
5896
63526
23870
33755
16606
57705
74693
79506
15182
79506
54336
91603
91070
80426
3468
13852
94255
41784
53633
53791
60475
43781
45840
53633
84087
44208
13852
19272
74104
24943
8827
53780
2761
54242
98119
51077
54684
81789
31661
2761
18021
53780
79506
2375
27816
31916
62378
91788
44208
9088
22312
8827
15930
75138
47175
54411
256
11533
22492
28095
45840
49412
30389
5378
79506
69363
12835
62378
98598
80426
44208
26293
42296
19272
27816
5595
74104
82850
54336
22492
28095
97082
71170
53780
38627
63762
13852
75953
30069
53633
61734
83552
40400
62743
34132
24943
40400
81789
62378
11533
69609
76138
43781
22312
26563
89830
28095
60475
73191
43781
22492
5378
28714
2761
7031
53111
29074
36109
14933
28095
7031
22849
62743
28095
39835
2761
74104
56823
2761
92127
46602
22849
28714
63762
60326
60326
35267
28714
14970
60475
50363
9761
12835
59704
36460
74104
28095
84237
91603
24943
59704
22312
76138
12115
2174
10473
87961
84237
83347
35598
46602
94255
9252
31661
82511
28714
71170
11533
23870
23870
18021
24943
89097
29074
82511
15182
62743
40400
84274
91788
69609
82511
69309
84237
38943
2375
83552
14970
50363
69609
43781
48247
23870
60326
69363
91788
98598
19272
39835
84237
54684
92127
12835
76138
39940
48181
83552
9761
19272
80426
61734
61734
74104
7031
69609
39949
69363
2174
2174
22492
9088
35598
51167
80426
22312
29074
84274
89097
22849
76138
71170
65257
40400
2761
19272
92127
84533
56823
9252
8827
28095
39949
82511
5378
54242
47175
91603
96903
40400
256
36460
22492
90978
76138
55645
27816
76138
47175
31368
98071
9088
46602
86172
56937
80426
16606
24943
256
28095
9761
29074
46602
12835
29074
92269
96903
57978
56823
27816
74616
25572
62743
72960
13515
61244
54336
62743
62743
60326
36460
34132
12115
12745
43781
63762
5378
54242
18021
8827
22849
56937
39949
22492
51167
76138
35267
35267
39949
69363
63762
83552
14970
98598
96903
35528
89830
62837
41784
7031
22492
59704
14970
91788
91070
16606
10473
61244
61734
49239
56823
59704
28714
16606
83552
23870
50363
28969
53633
87432
39156
35267
60475
14970
53758
15289
47175
40400
13305
18021
12087
69309
98598
61734
54411
91603
12835
84087
12115
35598
71170
43781
9761
56937
47175
4413
28969
58807
80426
22492
19272
9252
61244
24133
19272
76138
94255
97082
31661
22849
63762
57603
80426
9761
84237
48181
56937
24971
12115
61244
35267
9088
2174
69609
96903
13852
91603
69309
27816
89097
9088
97023
61734
54411
15182
19495
60475
39835
16606
54336
47175
41784
66457
36109
40400
59015
23870
28095
41784
24971
98598
53633
14970
24971
27692
54336
14288
96595
9761
28714
33755
89830
80426
62378
81789
84274
97082
9761
62378
35267
91070
18021
12835
49239
22492
46602
16606
53111
89830
81789
84274
44208
97292
91788
83552
47175
27816
8827
34132
89830
8827
62378
8827
34132
54336
12115
36109
27816
99669
63037
60475
28095
53780
28071
24943
38489
60475
27816
84087
69309
11533
22312
89830
9252
98598
23870
73208
20838
11533
9252
84274
27475
61244
31368
22312
12835
44208
74411
89830
89830
82511
80426
44801
89830
40400
24971
74411
91070
83552
31661
31661
29074
51167
84196
82511
53111
23870
29074
29074
98598
84087
51167
97529
54336
79506
69309
49239
27816
27475
36460
94255
9761
44208
76138
49239
28969
24943
44208
66457
98598
35267
27816
34132
56937
9088
12835
46602
44208
61734
46602
22849
50363
60326
69309
16606
81789
69363
60475
23870
51167
84087
84087
91603
60475
53780
11239
45840
27475
9761
8827
28095
37039
48181
91070
15182
9252
50363
59704
81393
36109
59704
59704
61734
56937
89830
49239
53111
53111
44208
54684
94255
59704
7031
91788
22492
84087
2375
50363
71170
39949
36109
48181
22849
80396
54336
66457
11533
1611
48181
59704
18021
14970
96903
9088
8827
29074
2174
91070
48181
42814
60326
45840
93892
81789
79947
74411
60475
46602
80812
84237
15182
89830
29871
13118
63762
84274
28714
13852
16606
85745
84237
2375
35267
9252
7031
62378
22849
54411
22849
9088
84885
69363
41683
28969
53780
98598
72425
2174
40400
15182
81789
69363
69309
66457
98598
74104
49239
34132
44208
45402
74411
33755
2459
60326
54411
62743
61734
12115
14970
58593
69363
84196
46512
54242
5378
53780
50363
66457
28737
18021
28714
55559
89830
27475
35598
13852
49613
24943
31661
53780
39835
35598
79506
19272
2174
16606
91603
22492
50363
24971
27475
29074
35267
94913
45840
53780
21319
2375
28969
60326
5378
69309
96903
256
53633
45840
92435
62378
84196
11533
62743
45840
83552
10473
62742
89830
69309
4394
9761
54411
46602
69309
83552
11533
63762
69309
31661
54242
62378
13305
45840
54411
61244
89830
79947
12835
2174
23870
92127
51167
71170
43781
79947
62378
50363
69609
45840
39835
56937
91070
35267
47175
61237
82511
61734
22849
54336
89097
41784
11533
5378
84087
8827
47492
28969
79592
11533
3275
15182
2375
54242
59704
81066
38873
33755
62378
8330
9761
24943
94255
24943
7031
71170
83552
51167
13305
56823
36109
21282
61734
76138
40400
51167
60326
50363
60475
9408
35267
83552
62378
19272
5378
29074
89097
22849
28095
60326
22312
74104
9252
51167
76138
8827
39718
43781
22693
54336
24971
96903
45140
89629
9088
76138
9088
13852
54411
29074
22492
54242
91070
41177
31368
49239
28714
60326
2375
9761
15182
79947
14970
39949
48181
7031
45840
69609
89830
74819
81789
9938
66457
54684
9761
10473
66457
12115
33755
