82629
98645
98645
67562
67562
67562
51444
48565
98645
98805
67562
98805
48565
98805
421
421
48565
73030
67798
82460
76890
66338
48565
66338
66338
67562
67562
56870
41020
42020
19194
36228
67562
98645
91858
75236
75236
85281
3176
48565
75236
36181
72219
75236
19695
64378
56257
98645
67562
82160
82160
25224
56257
98645
39725
39725
87441
98645
82160
75236
3176
83013
82160
59067
48565
83013
67562
48845
39725
72219
1645
48845
10278
52425
13399
36758
75236
73169
88702
55019
87441
81886
55019
39725
62635
87441
98645
83013
73147
87662
10435
66338
16839
6908
82160
36228
6908
72219
1645
421
25224
10435
16995
98645
73218
17640
421
74386
32350
40664
13213
98645
13213
55019
50405
46535
17640
87441
39725
1599
81886
88115
15285
81886
6908
28217
36228
13669
14636
6908
39725
40593
73501
7215
54384
51489
82160
57015
6908
2992
39725
60163
55019
81886
29280
75236
3176
62141
54740
86737
89389
3176
39725
56412
36758
3088
82160
22946
36758
50228
7653
56257
56412
42452
21244
46106
10435
6908
48845
56412
22946
69075
24065
68725
18709
82506
25224
98645
26122
56257
5527
1645
17640
41304
9506
85480
90339
15832
78603
97153
3088
46106
62635
87441
58681
42000
89389
21688
56257
48845
4686
73393
53771
11586
43641
39578
97153
25103
95444
81886
21653
21860
89389
82012
66338
421
64971
89389
15285
28217
98645
99141
39725
82160
36897
81072
1250
19195
43575
26069
25271
84486
60686
26598
56257
1085
67929
3781
36758
34036
72219
63167
3088
3176
76509
28217
82506
2992
1599
3757
27906
10435
59067
72219
62826
15285
38329
60163
95444
53132
14636
26598
67562
13593
6908
95263
74474
3088
36758
7824
5527
27906
21860
640
5563
97153
83013
13593
84539
39100
28619
62826
87713
2992
94802
5628
44578
28619
14636
64358
7824
81886
66338
55696
90247
35594
64971
56257
53359
62826
79158
81061
22418
68739
36758
22946
3781
87713
39578
421
46344
86114
9344
98805
22472
421
45549
99474
14158
4478
27906
14979
70832
45131
52899
21688
34036
90798
68527
73675
6502
29280
15019
35594
13213
4478
26598
22946
2483
25224
97293
22946
1599
5563
72077
10562
39725
35594
19223
67562
51489
27901
87441
18352
56412
25520
63167
17081
49487
12102
22946
46612
421
19223
60163
44808
68739
85555
64971
421
44870
74619
65016
57110
92395
36175
64971
45216
78622
1599
22946
3088
7703
29224
64358
4478
39725
82012
3088
27816
2992
6908
33905
28619
51489
42827
5964
1645
55931
87713
81148
64378
74474
44808
13460
1599
15545
6908
39578
36170
2895
56412
59067
92046
39259
10435
57015
48242
72552
40742
59067
39578
75886
421
62826
23903
95444
35594
32742
27901
4478
56257
76509
1953
54754
82160
60163
87430
91297
76600
82012
6908
89969
37027
15019
82506
89070
93450
46535
27901
15285
47051
19223
15019
5527
37507
7223
53132
27746
421
28061
69432
98277
97293
82506
83686
91177
66852
36758
48845
28619
95444
60067
55951
57009
15185
25224
36765
12473
33905
31434
55931
19951
80891
26270
40533
18147
14636
23185
93375
36963
27901
17817
49950
17996
13228
72263
67960
43034
46106
27901
23857
61998
22946
64971
65874
4385
42073
53283
22946
61131
62826
13593
45611
58068
39578
14636
87395
37862
28061
12032
33905
46234
81886
16161
27796
46535
91287
81886
65980
81515
15285
17272
8705
74505
52461
52899
82506
27090
60623
62635
50626
64463
14752
92614
78738
78622
19223
95215
24267
62826
4478
44808
64971
14636
62065
5154
34036
36758
62105
19923
35594
28619
8667
67260
90395
89176
85162
36396
76509
51084
10162
95885
3781
8687
5964
33464
36758
50751
4478
30919
37473
21179
14636
1082
11207
73894
43589
60163
84653
65430
9077
4478
64358
5527
66853
29280
85598
52632
7653
64358
7824
28619
82012
481
53359
38649
55526
62356
12226
10562
91910
87441
1599
73005
33790
36758
25520
97293
42460
55931
57015
13641
34036
28217
15285
58368
5527
3058
13893
10562
78717
53132
2992
69556
51585
19065
98103
82506
62635
21860
62635
12112
98645
34428
46106
53132
59067
3781
3176
57622
63410
55445
3852
99483
70818
76348
16273
66920
62272
39550
77521
82012
24648
25134
9262
28060
82012
46612
21860
81886
99267
27816
87713
56412
82012
25520
33905
2317
95657
44578
25224
35594
29280
17934
35981
6502
49947
86
63167
36094
75236
82836
17985
2516
82506
27901
71826
21286
72099
76865
13143
79562
9344
27209
39578
44808
13213
80772
97153
1387
20656
94405
87713
34036
52545
94558
53928
7824
27816
36228
26255
18384
61777
13213
41255
13213
59043
82012
18860
21972
3781
15285
41505
64358
77380
85555
82160
36188
29060
98645
15068
48845
7014
34117
26927
16365
46106
41663
87851
15019
87896
68739
47214
8707
36175
7653
7093
17744
3500
12102
92245
92100
68739
27906
94944
54585
60075
74060
55019
91174
34500
5527
64358
27901
91251
48565
72239
28840
43778
67562
85555
98645
74493
88684
64484
6908
39725
49950
15567
52387
49308
42000
87446
89389
4302
12954
35594
56299
89389
13593
62635
3781
16052
27816
6908
6502
22946
18352
3088
19996
82506
28619
64358
33905
19713
63135
39725
20213
46535
91065
74972
76682
81746
35594
15418
19223
15285
74474
36647
98805
62077
758
79760
97293
91520
73736
79634
28494
46535
85555
27901
26598
85982
62635
77523
86123
82228
5563
81498
22780
34036
36228
82506
53132
99141
78622
19610
3088
67653
3176
5930
61433
82114
97485
2992
21463
81886
20782
16457
94936
90271
60163
98805
26122
11741
5527
72219
67495
53845
44667
23214
22472
33905
26660
5563
75457
41771
51489
17104
55931
26598
91861
53132
80447
54450
51489
51489
26346
29224
27901
50345
80858
27816
23994
87494
27901
17676
55931
90027
67562
25520
25224
38329
37368
80068
18564
83646
79470
48352
99141
3781
22472
50134
68739
64749
64971
20890
15019
56257
48565
96889
22472
67965
46535
5355
76440
6040
36524
18714
47803
82160
28217
2038
67562
27729
79014
56412
81886
21688
19223
66338
39725
2246
98645
89389
8207
5964
65691
65334
17868
8118
98645
52899
22037
10759
27906
62440
83326
27906
12102
41134
48845
52102
2992
28879
60982
48565
78704
14803
12961
76509
38329
78622
68739
62635
64928
57015
40717
10562
85555
91694
39725
26077
91742
64358
64358
78622
23685
42000
55771
64971
29132
26122
10435
57015
24501
53359
17640
29224
15325
41050
89867
26598
77298
23386
83526
26122
26188
54521
47863
98805
87441
44578
78622
17640
94038
8933
22946
9344
71452
22472
9344
16311
87713
46721
78622
93396
15010
37294
42000
90795
28754
8142
30375
87713
24463
82938
4758
3088
83478
57015
33843
12102
12102
27816
15019
96890
17640
2483
76509
57015
23017
97153
6502
15019
81886
90615
2483
79003
6908
33493
7617
55493
29144
37917
59067
37251
75507
37737
12593
5527
36265
12131
81886
87441
96850
52439
18352
46612
89389
84632
10435
59132
1645
1645
82012
75665
98274
57932
3088
16995
59564
64712
28510
74474
26012
98805
11203
35992
98645
44808
3088
76509
52531
17640
44578
7729
60137
57839
7653
59684
26598
68685
39578
88121
1599
15019
93013
9344
28217
10435
3176
63167
5964
57388
52899
67341
59067
67957
5964
93305
44578
98805
87441
22719
23351
14636
59067
43339
28619
10435
88106
16325
82048
64102
26447
29280
82012
23294
55931
52453
64971
27816
6502
46106
34943
33905
33813
48565
34036
3176
22788
5964
19223
90922
44578
69362
48845
10435
10562
3088
99220
36758
26122
49458
6502
37115
87441
63167
56822
39725
23429
3175
71302
13737
39578
39578
5527
44578
34312
87441
42647
42634
2483
36758
52899
26598
62635
50506
87713
68739
421
32994
42187
55135
20619
40364
11234
10435
2483
75236
18352
36228
55627
69838
19520
92144
64517
10562
38329
39725
74474
17640
26598
28619
95444
85555
53132
18250
85691
59308
69458
83825
81886
6502
15019
34036
34883
33710
1645
85555
17640
7824
5964
82926
62826
82012
72219
46612
10739
61263
30
1362
35594
82160
2728
1428
21860
39725
67660
10435
7653
29280
10988
32587
66338
62664
2194
3088
46263
36175
29994
25520
54496
9013
13593
21247
22946
60163
13263
82345
51489
60777
9344
19223
82506
62126
14160
59859
91810
17782
44808
67551
22946
95717
10937
81886
98645
59067
17640
31813
26675
1645
15019
43104
36546
85555
68739
71767
5527
2369
29224
16995
4781
88907
94004
51489
7267
79925
16995
58213
88008
39578
45887
22946
23057
54677
83661
78777
86582
61015
79189
23224
24454
27906
62635
16147
82012
84155
18180
83013
31020
25224
66338
26625
7653
64358
48822
36758
383
4840
7611
52004
21860
81886
48845
36758
59067
36175
39578
5964
17562
76482
80823
13213
53359
23632
88991
22946
66338
76360
12102
46612
16995
36758
19223
56263
53359
11693
20334
17341
85555
28217
6927
12546
74579
5650
87441
94043
7653
6908
62826
48845
22472
421
59451
60163
79026
95999
76509
43020
56257
39725
85555
99141
11426
81177
30014
13213
62635
63167
44588
44721
95444
71882
46612
7824
10562
6502
94912
38329
59666
52263
74571
43794
67035
64358
28619
28619
4693
29224
5527
34036
88908
421
22946
28675
80593
25883
30122
33186
26717
67941
11531
15285
9344
39693
2570
62826
89389
1025
19223
28619
70384
56412
99896
16995
98108
68070
13213
46612
38934
84782
53893
70343
99215
89389
97293
46433
421
37207
39415
25224
60356
18352
4497
56412
5527
28000
30484
3088
71321
39578
48834
34036
7614
46612
59067
68739
66338
58654
46535
82160
38304
70041
55931
32498
78608
55728
3781
89047
53132
74905
62826
76509
6502
15019
55019
24802
63814
3781
39725
28104
26375
28619
99141
78622
16776
97412
27906
80271
23962
46612
39725
19223
25224
2224
36175
17667
65661
18352
3781
60163
63657
28619
74680
52801
64971
90015
21860
4900
44578
71176
3781
93370
34036
36325
4478
22946
38022
43092
20979
6908
24385
65307
53132
93123
26598
73231
68739
57297
3781
97000
13213
54417
60486
64358
4182
76509
15019
72219
28619
6502
64358
56412
27901
1796
82160
61652
98645
53359
96661
39578
81894
6809
48565
72208
44578
96960
15019
22946
980
18566
22472
46535
62635
3963
25630
27816
17640
91756
21227
6908
39751
47310
42807
75236
92256
39590
15285
48791
6908
3262
4401
21688
15888
35631
34036
26122
86332
67562
88106
1599
87441
67964
5563
56241
39578
19223
12344
98805
48180
99141
56257
10562
74884
29806
33905
33743
4478
59971
57015
4478
35594
36625
43258
81886
36758
56257
5382
8752
25224
55019
48565
38329
47128
98805
64358
81168
71460
24844
83027
82506
25224
25520
56412
64358
82506
14636
29280
84509
3918
37724
54964
33905
81886
56995
2408
41988
82228
16361
57347
39725
1599
365
21860
66784
44808
73340
53423
9757
61309
48065
76266
8691
53359
30422
60397
19223
50279
25520
12457
97293
33166
79799
18565
46985
7824
50949
62950
46932
6975
93628
41826
3176
61800
24126
27906
61814
82342
47998
63167
8624
3088
33148
51069
44573
421
27816
86907
6210
74709
12736
25224
17640
28619
95069
34036
12102
52320
25224
36758
70725
79762
34036
5563
5527
67878
64358
37780
5563
79212
63537
5563
72219
89856
4133
97257
22946
5355
92552
8278
42000
55124
1645
12103
45534
3088
52899
44578
23094
39578
85555
1599
69713
62635
28217
31433
9832
55019
37227
13213
55430
29711
43939
32957
45814
64971
3825
63800
27816
85555
28619
36758
89389
36637
25056
81771
85644
55260
67394
53033
421
14636
57518
95824
68861
1599
26516
56412
74474
12102
5527
44808
76509
21079
2483
3176
15285
10435
10142
97153
95408
10435
75684
21688
97293
98805
88410
73636
2483
36175
19223
27343
73050
58182
64177
21685
3781
29511
19475
36228
82012
35462
83218
92986
61890
3088
37213
36228
421
58779
42000
87441
13213
19859
64971
57819
60202
5527
22472
39725
62635
28224
87713
17181
66694
43212
51489
20114
82160
10440
1645
17640
5527
27906
27816
30222
81886
83013
55931
421
1599
72219
61302
32998
30937
46535
72425
61674
87713
34175
837
5944
52565
52671
6908
2029
50464
15019
20298
98738
82184
95251
46535
33905
31758
3781
98645
13344
34036
24350
46535
6502
63167
3176
29280
50759
39725
41652
17105
12102
5527
87713
19223
14636
39008
30193
27816
4478
67562
65909
49714
29280
72219
72184
421
20074
39707
67562
21860
84108
87441
89389
4065
75236
85334
92750
63067
22946
64358
75701
52899
62826
50690
66655
74648
15923
76509
82506
37768
56257
70741
78622
72219
21688
57875
76086
59269
52899
79798
60163
82322
42000
39725
82506
63857
49952
77080
76509
80024
16537
27901
62826
18352
1160
36758
67562
53406
75236
25224
12549
35594
3088
27906
9800
72985
33905
36175
62868
11727
16995
7824
93714
62635
29224
83780
98805
46106
93758
5527
3967
81886
86068
62826
29280
6502
95444
20745
16040
20855
17640
80939
35594
5484
27901
1645
3781
15019
72471
43210
17640
67562
22946
81886
3088
30844
39166
66338
56412
88981
8223
27637
46612
82506
14636
90332
38329
97153
57586
15019
10225
18352
5661
25258
67562
31020
84912
68124
97238
39725
25001
47944
25224
62635
64971
36228
23175
99141
21454
27816
28340
84892
4478
95444
7653
57015
14626
44808
67562
49613
39817
30626
53359
55931
35681
18134
9344
56257
87713
68064
82160
3781
22946
27816
28839
93635
29224
25461
3176
89389
83617
87441
84064
82012
81760
98448
14636
31234
28260
7824
27816
3176
9461
9344
29280
3176
48565
20020
57966
32917
68739
36758
55931
95444
53886
82012
52899
22130
81091
22946
40354
99752
63145
38283
31186
74474
55411
50218
55678
90135
60532
76969
421
7771
44808
24756
34036
82160
98805
56722
59323
15019
6908
36175
73047
7653
75491
66338
36758
3781
44578
34036
86147
54619
12598
64358
55931
36758
22946
40439
60003
3781
75709
39940
74474
5608
83013
72329
44009
26122
7824
68739
49246
48845
29603
21293
29735
51080
7704
79958
40069
421
48845
62826
87713
6502
9009
32663
48845
19824
64023
1645
55931
10388
42113
8298
21419
89716
66338
23701
40285
1102
6679
16608
44808
46276
15285
65011
7152
3781
21860
82506
64358
15019
10435
48565
13213
9961
10527
89808
98485
41787
63167
6502
21688
60554
95986
46612
28217
39171
88579
13981
90976
95936
31133
56641
4478
99874
62635
74474
28663
37829
1599
31351
28619
27906
5649
35197
87441
7266
48866
4478
7824
31186
69579
65379
30271
97153
49429
15885
18352
5563
59336
54865
4831
93754
5527
97293
3781
22660
57848
87441
42000
55151
34036
64358
16995
39148
32012
9344
79832
58341
49324
95444
19223
56529
46535
61839
83926
64358
79961
52899
48565
9344
32802
16549
85555
63084
54467
29280
39578
66519
62826
4946
50799
21860
59067
42000
28539
98562
5735
59067
40546
50263
25520
5563
13213
22472
51971
14926
22946
73489
58088
34036
66338
5563
79508
45001
27988
39578
78622
93121
81886
98805
56412
81886
2992
1838
5563
32701
85555
6478
63088
51330
20928
26598
53359
65440
81763
19223
62635
16463
20203
46612
27816
82183
15019
14636
6908
85555
10665
21688
3781
35594
85164
42688
95297
62635
255
25520
87713
50939
5527
37829
9054
34036
31270
96410
30071
72293
98645
60163
48246
74474
6502
40135
12301
7824
60163
96208
6502
37329
67562
62796
1599
46612
33905
49611
54985
5527
7718
18352
82506
87130
58016
25520
35594
94803
92950
68739
34733
63167
2637
61316
62705
11931
43723
15007
7944
67296
98547
81886
87818
50445
75236
29280
6767
19223
51489
67805
77435
28793
25224
62103
33905
73036
40810
86630
94742
72955
31370
2483
91262
46811
5343
6424
50738
26122
73100
15447
80530
9344
69730
39578
13562
62826
87925
29280
72219
65085
34036
44808
46637
16995
78372
81886
15285
28556
19223
57015
83215
57290
10329
79844
25520
39725
5563
14089
19223
19223
29224
74474
4840
24304
89389
91183
97153
62635
47747
46535
5446
73180
421
98645
29224
9344
1626
44578
25960
59067
98645
60800
39725
14361
81886
98805
88871
35396
53781
3176
71609
63167
46612
10649
87713
83013
73003
94963
78622
57015
64358
71873
77197
10562
18352
26122
78622
89389
76509
67562
68178
64659
83029
9399
25224
18984
82506
38802
57775
7616
51489
70406
39031
16995
8747
67562
28619
54313
57607
1645
51443
10562
97293
18086
64971
44508
3176
26598
55096
98104
28285
5426
81886
3448
26122
57297
54843
64452
7824
47563
89578
62635
89389
56412
97153
39695
52295
44578
95088
57946
71565
26576
90129
90912
76509
95776
56257
28349
75236
54731
10794
86863
32987
66848
58297
1599
71051
51489
72219
88422
91364
57015
53958
97738
27901
33631
7824
36376
98349
48565
68916
43140
72219
73914
78622
35594
92996
95444
67884
51631
11722
66097
62826
99141
78622
15019
21688
69496
40276
82506
76456
52446
62157
34807
4018
17640
52899
4478
55931
29863
51398
77638
44808
31979
24240
49416
48845
98883
21688
82160
44808
3088
87441
75236
27901
10449
80381
35594
32003
3088
15609
10562
96651
63167
2045
61511
84865
46535
55931
38329
13213
1645
72219
22221
6502
15019
59270
34959
84158
62635
86419
34087
20337
70797
7824
8152
86281
9344
7515
10562
7653
28217
3781
41257
69901
9344
96059
61314
15019
60163
57593
37921
13593
64971
71090
25023
46612
63167
13863
2992
10435
3446
21860
34492
15285
1645
14416
28217
54540
21688
74474
68504
69436
33905
58357
95293
39578
6502
26122
5527
7653
98645
15019
26037
10435
17640
59067
21145
42931
28941
46106
81886
48284
67562
90047
60911
5623
27906
95444
61862
47897
52944
68192
28217
19487
48613
94138
66338
87257
19205
18989
79309
13137
14480
26598
86711
27901
12102
7824
15285
42548
36175
67562
60356
34423
71874
34036
62973
21479
41126
92337
2483
35594
21867
56755
52899
46261
75255
87713
64971
2992
77458
89688
82451
21860
21688
75236
91494
46362
36175
33905
82506
6908
86970
78622
81653
19223
10584
81154
33905
52899
87441
7824
41067
45988
79459
30415
81886
23413
90837
3781
39578
60768
5563
56412
27901
39690
62635
99141
27901
39597
81393
65696
67483
94496
76116
46535
87027
28619
70105
10562
25520
33400
1599
69917
87441
99164
2483
60519
81886
59814
6908
9344
58242
36758
74484
33905
18352
45994
1599
55931
23096
44309
1599
86239
91963
9344
87930
15353
64358
29280
57015
20708
45338
36228
23608
70204
13701
81767
14533
42000
68739
49700
48872
3176
21860
28619
19721
87713
48131
26598
54428
46535
65970
4478
33643
77275
1645
41473
34882
4478
19615
28619
6908
53359
6658
11379
10435
93530
9795
6908
59034
6502
11767
7755
55931
76684
5563
85555
27643
421
61734
59067
62826
13593
29224
4478
53883
3088
89389
34939
28217
38329
75642
98805
34481
5215
67082
10203
47348
33905
52065
63167
26122
33905
46240
29574
30742
35587
89389
78622
12102
57015
764
58158
6908
19901
44213
53132
61725
82647
44808
39725
19847
27906
13593
97793
21688
93790
25224
46612
55684
77138
94151
85906
18710
52899
74474
38329
12102
71191
28723
8254
76909
78199
79157
27906
56412
22946
29371
46106
72546
5563
3781
57015
6502
6502
5563
35457
19223
71123
38329
17447
2483
27079
68739
39458
78822
78743
55931
39725
1937
7824
64358
83013
4305
1010
30350
29431
30016
31770
1599
37135
51489
33064
58227
28619
46535
32269
85555
7653
27906
2612
27816
34732
66338
2771
89389
62826
36228
74474
42776
89641
21688
60163
57015
13030
94739
56412
12037
19223
66616
46535
5964
38240
26122
11651
78063
69
5563
36175
3176
26914
90615
66338
56412
15285
64103
48845
30528
83092
72219
73317
40971
59067
421
53359
70079
5527
2483
12507
82506
6908
47879
50994
58476
76697
66338
3781
55019
270
30362
39491
87781
23853
62635
74075
53359
13320
15019
32442
73312
74081
43573
82506
5563
82506
21688
28217
22472
13593
34036
19938
19223
42000
65221
54946
38627
52899
89389
98805
15285
19223
43485
69761
66170
91428
58221
1453
56257
75236
5563
7579
78622
52774
81005
63669
28619
3176
21860
56412
1599
76305
62635
15019
67066
68350
54477
90730
4478
53132
2992
90601
421
53359
66006
82506
5563
44578
33295
60163
7824
36758
81886
23456
36881
20958
59244
56257
421
47147
27816
36758
27906
67562
4478
39845
99141
39749
13593
19223
5980
13610
25520
53132
53132
16995
51959
18352
37740
64358
23035
75188
39866
92957
39725
54822
89945
59067
87368
21091
64358
40255
88948
16213
59593
3088
48845
38172
41268
82160
65644
75549
54731
97293
67562
2992
25062
45455
70902
48845
64358
16854
8592
74706
81555
63167
10159
15559
90625
93104
47776
67562
84780
48565
2052
14636
61100
12729
7962
60813
10562
75524
74718
21860
7137
62635
82295
7396
90114
87454
78908
42080
47620
27901
92940
37897
3781
27901
1645
29224
87441
5418
38595
36176
81828
59759
78622
94883
89389
28217
53048
28619
81447
16312
62826
21860
26598
56257
70735
19791
81886
22946
58172
3088
32054
16995
45735
98645
40755
88485
84762
21860
13620
98805
48565
80569
48845
13213
7653
84215
48104
1012
64971
26122
67562
36228
67562
78622
56311
44808
59854
87713
58192
81412
53359
98645
64358
55019
95541
87160
67562
22043
80152
3176
46535
78622
92734
22946
7653
7824
53643
37859
76509
20619
44578
2992
48565
64318
87426
51840
21924
9344
82012
62826
5563
75145
15728
76509
10435
46639
85555
21688
13593
37679
97293
36168
18352
71683
2864
37014
77133
15019
18352
35594
82160
58980
41669
30727
30858
18618
21860
37659
65865
6502
44808
5964
7824
28379
21688
65638
28217
38134
22465
7952
12389
7824
57015
73724
55019
87070
77081
73502
3176
44808
46535
97153
15977
46612
15728
39844
54503
29435
6908
19135
98645
1645
58093
13588
5594
81737
10435
72219
5964
7824
62795
21341
38267
1599
4478
48565
77520
56257
31596
6063
38732
28646
63167
22015
51437
31455
18614
66338
30211
1443
95444
2992
13593
421
16605
52899
7128
74730
49796
71070
58553
40758
51456
64358
20688
92211
34500
49878
46612
51820
3709
36758
63037
85516
28217
16995
25268
5563
60163
77841
91810
56412
16995
76509
2992
21860
860
63746
71442
84698
42794
89389
44808
22946
38329
3088
7653
75236
96503
35594
92962
55019
21729
75282
26122
84725
85957
13593
67562
46106
39725
30
57015
40867
63118
13704
26598
39725
99490
13593
70288
92696
21860
43582
62700
5563
50576
82012
64049
53359
2992
55019
46612
47457
4478
43110
53003
45313
16238
99141
39033
47670
6908
29759
9344
46535
25400
9588
19223
74871
49498
36743
90564
33627
51424
44808
21737
13213
9574
7867
53359
24346
76509
14636
63049
92516
14636
3088
28217
86858
421
52801
25224
84283
44578
40179
54196
7097
80146
44808
64358
89474
95444
75236
53132
48565
14591
8546
78622
39578
39095
30644
23461
10435
17078
60163
46535
36758
62523
31396
40537
67562
46535
75801
32021
76583
73961
35594
55931
34036
93661
16414
44808
64971
60163
53132
32238
6553
25224
7653
2483
87441
64971
71559
15019
85398
19223
39876
27816
5563
1599
53359
3218
9331
82729
12939
74474
83013
13593
30100
662
81926
75236
27816
55074
18352
74474
62183
25733
11327
17640
83013
78622
35594
42192
39725
4819
52748
75236
48101
53843
3176
92507
86597
64358
87713
88080
62635
75117
421
49998
2286
13593
87235
97153
21688
26598
60132
53132
7824
88214
10562
97293
33418
7824
95630
28619
67741
95870
15019
15285
56615
10435
76509
67562
63342
2483
51489
63581
99321
47333
3088
1599
15285
25600
73039
421
72219
39897
5563
33114
18790
68245
83385
56022
80994
56651
62826
77343
80252
27816
21241
64971
39725
16879
89906
24146
26122
29224
75076
28047
37869
29280
15285
57058
56412
66338
46106
26598
75817
25224
58643
34036
38543
48565
6502
28217
7653
7824
83316
98645
47487
421
57015
12561
28531
7653
52795
79287
80795
63167
32490
15285
98805
3781
60163
72219
48643
87441
10617
78622
10562
56762
46535
11551
88849
16463
78630
36228
66338
75395
35438
82160
93922
22073
13213
8151
48642
7824
59067
66338
15561
55019
83834
25520
21688
82212
89904
59060
48845
17603
34947
60163
78082
39578
22047
76331
83654
98805
36605
15285
99141
48755
75236
96413
15019
48565
44234
70182
6502
44808
75236
10435
48919
39578
42000
26122
7142
93166
72219
24681
421
26598
62826
55931
9344
46612
26598
5563
96030
99123
23806
24821
82127
82160
68560
83013
10562
49446
22946
67562
25520
49170
13593
55931
12102
15285
97153
60163
44578
57015
47378
10517
16995
98738
47292
51525
20820
71032
72219
12438
28217
6908
46612
47578
66338
7824
46106
11024
63178
7653
55931
77253
52510
15019
89389
2483
29280
62608
6502
98094
34036
87441
7653
15019
77745
1599
3781
5422
25224
55931
25798
67562
71149
95444
34036
77565
36642
10320
69409
2992
22472
76509
1542
88434
82160
36228
89480
88302
37202
96012
4478
27340
64358
12102
66338
87713
14636
95444
77834
28934
92352
3088
27816
71722
95444
88328
55595
33563
98645
13213
48845
74872
97153
29224
19223
84256
1599
55505
46612
42000
82506
52838
7653
92530
38225
38106
16319
47176
17640
774
27901
45721
42000
8312
57466
16845
29224
53344
5964
44808
19223
39578
38872
28619
88192
41480
86193
25599
21688
31167
99286
6342
50476
76007
421
92953
28217
64358
92406
62664
48565
48565
7653
21860
6908
15285
2992
17056
1645
63167
29280
5563
30288
5563
48845
42588
53132
91461
64358
44713
21860
16547
5563
79200
82625
89620
80467
95444
77394
29224
86483
10562
36459
3830
85515
42000
51082
67335
26684
31312
2109
19223
62826
15285
87441
95444
68804
41080
22526
40612
25520
81415
7653
53132
46535
25520
1306
3781
25520
28217
19861
83013
25224
87713
94493
78719
27816
98188
15285
60163
42000
36228
95822
42000
5527
42526
98645
34597
53359
25520
68739
30042
98805
56412
11140
5563
50161
20607
26333
22066
421
36228
40180
55099
46106
34036
17640
55856
63700
68739
421
78622
77941
33542
46921
98805
47156
63374
38323
22472
95794
5964
6033
22946
89389
97153
15105
87713
48565
83904
16995
33905
69507
80794
96465
44578
44578
11194
21860
80608
87328
89701
64358
81886
68607
64358
10435
34252
37008
31925
56412
82160
66338
48845
26598
4478
62826
88968
98645
25591
75977
5964
98805
8353
2991
41672
6908
34036
59349
49462
28674
68739
64971
85588
2483
50195
39578
14636
421
55960
82652
41320
45311
38329
18807
80916
86001
38329
8562
43405
49211
82506
64971
82221
31754
72219
82160
59568
58510
87713
12043
44808
25844
64971
17640
7653
14361
75236
2590
44578
7824
36175
79235
94197
17525
15019
83013
25046
17640
66956
29280
8013
85555
16962
66366
36913
10562
48164
78160
68739
90856
83972
13546
22472
19223
41029
3320
42000
36228
421
49850
25224
81059
89389
5563
79476
46106
44578
18032
27906
40552
3591
17640
83909
48219
29224
10562
62217
68949
44578
50043
53132
14586
41037
54219
86800
41913
35754
40714
33905
51489
9860
18352
46612
62635
49304
58151
55019
66498
15814
56257
44578
17360
57015
21217
1582
12510
64971
85626
1645
54593
38589
3781
83013
62420
7641
53795
97153
16995
43142
96774
39578
63375
9344
17221
64301
26122
72219
98645
89389
44808
55931
91559
38167
28619
75236
25216
98805
72219
82506
37240
16995
70879
59937
34036
58209
62635
40181
73683
18172
75236
36758
43673
55938
53132
55931
16817
82012
83013
88271
23777
67856
21119
64971
26598
79723
36175
9477
32765
66338
34318
64971
29280
81723
60163
13401
39578
94105
11399
96478
13213
3781
63167
1640
71497
13800
38329
7653
63167
9482
18352
92117
47096
6908
28217
25520
15183
29224
97293
84182
3176
60958
18798
80492
56412
46535
36758
27457
13213
6908
65959
36758
77352
421
36228
50232
55931
44750
95444
62104
56257
55603
3781
41314
56412
8151
55008
4718
83612
7653
66338
70419
55019
98645
64971
67680
15285
52899
48565
61570
10562
1599
12436
24797
46612
33905
26598
79246
58815
42000
58623
15440
31329
52899
92747
88638
62635
98836
28999
37535
1645
83013
96781
99841
5563
15876
34214
34036
62635
87228
33905
36175
21860
27428
97293
45486
5563
57015
66357
35415
21688
33905
93810
81138
4478
28721
60457
48186
26755
6908
62635
98805
74417
36175
80341
54420
57015
45799
31665
16511
34473
62826
92428
97669
7428
64395
85555
25224
67925
68739
89389
16995
83013
64358
99146
421
81886
71860
46106
35594
89389
79758
21688
99286
27505
5527
34036
2992
87040
2483
9193
17354
41899
95444
3029
4478
87034
10435
82506
67486
5527
91112
66338
78622
79310
14636
97153
55931
29941
35667
60477
12105
17389
15019
88303
28217
8635
83261
34036
89389
48181
421
67054
12102
59963
74804
85555
28217
86302
62451
9344
82506
95444
4219
5563
53009
82651
82012
22946
25520
97293
10562
29224
2992
51962
57015
47039
72851
47754
14636
48565
55170
14373
10435
67534
41170
6908
67562
1599
64726
99141
99667
89389
75236
3424
5792
87586
12696
1522
12485
68739
72943
21860
5964
64358
49042
73106
11362
78622
32752
50304
17640
96716
73453
59198
28777
14636
75236
25224
53279
3781
63312
1250
3088
37379
45701
83193
12102
98805
63167
87441
45417
13274
5059
94643
25520
42000
90341
44578
99141
97153
35120
34036
95925
33905
62635
13213
82160
26067
42615
75339
33178
49216
36734
74474
3493
77771
32405
46612
43337
12686
28619
10435
32233
67562
85555
3781
9544
27906
24659
51489
42000
52899
98619
27906
16995
42091
87298
14569
87507
7824
55591
62635
17209
10715
56257
1599
99149
17089
27909
22946
34200
19197
59794
27901
35774
60394
78622
17415
92536
68925
68436
53359
5060
78640
65008
42000
53359
15530
38098
74900
6502
21550
33793
54720
44808
86616
54666
421
33364
48832
21860
86240
18352
9344
70401
229
44578
46106
87696
86959
95249
55019
21435
39835
10836
26387
45805
78622
78622
25492
38329
35594
60121
39038
87829
81886
421
63167
31686
7653
58504
38314
90253
56898
57917
63167
10705
75333
60416
57015
17640
35594
73342
99455
55439
19297
89568
53132
3781
81099
58310
53132
51398
59067
25224
99948
39578
72933
2483
12102
38099
53132
22946
86073
61325
94617
8348
31080
20591
41548
21688
45445
1490
55019
19223
87441
441
16995
3781
78622
4187
21059
46612
38329
44578
51489
72963
82506
78622
57015
82090
60756
76509
32802
60163
45253
56257
18379
40911
47435
94713
43308
15285
78622
24140
6908
53359
32199
5527
25224
47886
95972
28485
95444
13213
72718
53132
48606
80413
63201
93907
2992
96618
56257
86525
64190
46535
97293
15019
50102
35374
73871
53132
36175
53925
21807
67562
80686
7443
75236
78838
82073
33905
17554
35061
13593
18352
87751
56257
82012
36758
58754
55872
64358
53444
94888
55019
2711
44705
72219
47724
52694
46106
1599
36599
62635
14636
25520
51137
14530
66460
16734
35594
30499
85555
2992
35547
96103
38329
12102
44618
59774
25028
60980
77721
46535
30443
27599
25520
83013
34554
15019
53359
86420
97153
81886
56257
16995
2483
62826
14624
73065
87713
51489
97855
5563
67702
5527
29280
16995
98360
35594
57015
5527
49005
75236
47692
55931
26646
19223
56412
97293
48845
26012
16460
7138
14583
17640
81303
17108
25895
36744
29224
62826
58530
32750
38906
82012
22472
56412
92190
82012
55019
48565
22472
56257
2483
68739
26598
5563
29280
5527
66338
90776
36961
21688
81667
63793
2992
31136
83729
65059
38115
90449
25606
16191
5563
22472
36228
19774
62826
29224
54800
5325
67931
55019
296
87224
48954
27816
39725
26122
82506
30532
44578
63167
23949
28217
28619
12319
85637
29224
44551
54239
76756
22472
38
48845
16995
59067
44808
86513
8366
10435
22513
91192
25520
56412
67564
48845
72064
3176
421
55931
27906
24128
5808
85010
51489
9749
1645
88791
76765
25387
87441
44578
54937
44913
3999
76184
12176
26598
27901
48565
27906
21430
96408
15285
10010
16995
66127
13213
97153
59067
39578
18352
29224
78622
5520
60163
74031
81948
10688
71920
93218
22946
3088
85555
25224
6908
24274
71198
33905
51048
45356
52899
42870
18352
67393
25224
56257
33174
13213
38329
68172
43271
84689
68326
25224
28619
32276
7975
92714
84735
46535
26070
3417
21688
1599
36175
60547
89389
22916
29280
23484
88993
81339
70439
25508
89694
10562
74911
17210
8945
86131
30368
51614
76509
48521
73825
42224
35594
7653
5527
26598
81886
28217
61680
20244
96323
27906
7582
5924
23071
27816
22907
8181
53359
5563
64971
92344
76163
19949
36758
5563
96961
13213
13213
21272
81886
94577
22163
68478
53884
4478
98645
19305
61653
35594
53157
98645
53405
1599
9344
45914
86573
12869
19315
87441
94552
6036
13213
52073
21688
70166
52899
13816
80645
96849
82160
65380
36758
24433
2992
45786
99857
22946
25642
10435
55931
1645
40802
16995
42000
9344
92254
3176
95444
16721
45085
63509
66490
60625
15916
62826
57015
82506
57015
89987
99141
25786
72219
70406
8114
12102
54424
48845
46106
42076
36228
34245
6908
64971
21688
36228
51405
33905
41258
9344
74064
99569
19947
36175
57186
63167
27906
49798
45888
39725
20956
13213
36758
27816
50897
46535
85915
56257
67390
26702
90182
38329
50802
85454
74474
25575
98578
268
64358
17640
49703
39578
81886
421
53359
29570
64992
39836
29720
22930
95212
19661
64358
59067
10379
1645
13062
3781
15105
27901
86533
27816
44292
62826
39578
89634
46106
70293
80187
5563
85555
25925
99937
36228
36758
89389
21860
60163
69431
10435
62826
46274
25950
62635
36651
46719
89389
44578
36228
50961
48565
21229
51489
46868
27816
53132
39725
66892
19223
64358
98645
10651
42000
56257
33779
44598
98645
27906
33905
5527
16857
27901
75124
22472
55931
38329
16425
35252
21860
44578
15427
6502
39398
18352
48565
59065
21493
38329
97216
27906
8290
52899
28619
64971
1788
56412
59067
97293
42181
20729
88428
97197
6502
38745
3176
3176
85555
44023
88322
37911
46612
82160
22472
53559
97153
46133
36758
55245
55931
74474
78448
21860
26122
68739
67562
83934
17651
93522
31308
59020
63984
24955
48920
68720
36758
10435
52899
62826
82012
25550
78459
39961
38719
66338
35594
33621
16555
6502
54879
36649
61853
54260
57118
53359
62826
44578
39578
11260
57685
71873
421
85555
58089
6908
52899
87441
23364
35735
1645
98319
98426
18352
10435
99605
20088
67562
29280
6702
76509
99417
56412
27816
48013
46106
5964
98805
62819
9252
42000
59067
61855
25224
27901
29280
37820
19106
44808
71760
73637
87441
28217
7824
67562
22946
19727
91115
27906
65082
21549
49632
2615
6305
97153
36228
82506
21860
82732
16995
62176
27906
64358
87598
76509
74122
83013
98645
96393
421
80832
87713
89609
83189
1586
48565
1599
72238
27816
64007
89389
56412
92623
7945
36175
16911
35505
4478
46296
47977
72219
37445
53601
38871
60246
82114
83013
84233
90147
37301
94460
21860
63844
28619
3095
53467
15317
7824
44578
10562
40460
10562
28745
67415
87441
83082
53581
57015
20371
72201
97153
2483
51489
36758
24923
4478
73564
10435
44808
6908
34036
88278
4881
19936
53511
35594
48845
48845
15285
98805
262
33905
62826
5563
49788
53094
48725
14636
82160
97153
78622
82506
13593
27816
754
32915
42556
42000
18352
23972
15285
49122
3088
46612
88724
6829
35594
64971
421
3143
53235
77258
69752
19753
75209
71832
213
46106
93462
50505
16995
91803
13213
14636
67114
50772
59985
56412
34870
56894
2992
1710
39725
421
54328
85555
80321
5527
23429
3781
13213
63859
77063
14636
9289
91615
25107
35607
66165
72127
28547
4599
51489
18002
7653
42000
65096
80724
1599
32505
6908
62635
23085
75028
13593
43167
97153
28291
29280
92763
82012
93092
36154
34762
27816
85555
28619
57015
61640
22050
39578
82012
8195
36175
57015
5278
38212
90958
36228
27706
27901
53286
25520
1623
51489
62934
7824
15285
16934
75236
75236
64358
82012
98645
12866
55931
79456
28683
98805
51644
54416
51802
10562
7824
7824
60163
42000
45256
97293
29224
1599
7653
39117
46106
55019
20613
2635
12232
7653
97153
46535
85431
43936
1645
10435
40362
62527
3176
42000
28234
26830
36758
62670
26800
24771
13593
80978
50064
34905
34036
23402
55019
12102
56412
25304
15019
74474
63478
63167
99905
27906
33905
53663
93280
97293
51370
22946
83013
9883
25224
48943
13593
95193
92672
78765
18352
53905
29503
72072
44919
595
5527
13593
12102
44578
3176
56257
1599
55931
44459
17640
25224
3781
40128
76884
96059
35594
13593
44808
31417
52912
37692
20598
30112
48845
31343
8526
10562
30989
38329
22472
25520
41172
90802
95792
45798
34036
35961
72219
35223
46535
19931
9985
75236
16995
18217
48565
7368
94448
36167
96476
46106
21860
33395
43082
95092
85078
54836
47797
80552
3176
15285
99470
63167
59272
5563
67562
7824
44679
34036
77568
94297
42110
57724
46106
44170
21373
63911
29024
24631
4807
57015
54209
93047
64358
64971
21688
67953
67562
17640
92670
73051
97554
28619
97293
97153
161
45049
33684
26122
85206
44808
67562
48767
21688
94469
18352
87441
99141
62635
81533
74243
29929
36465
8984
47982
75845
68713
67562
40742
18426
87919
9808
78743
95347
27480
28217
2483
68022
21688
52520
99195
31634
83061
72219
63225
60163
89894
17990
6502
98748
49603
84273
10562
48565
87441
93566
19223
54781
2992
60240
24231
65807
1537
21860
42020
30337
67562
62826
26122
80217
35594
7824
32905
73256
11331
2483
60088
86304
55019
73412
5527
46680
85282
94093
64971
28619
81278
95706
7824
33991
51228
63167
33905
3599
48565
87713
60163
21860
60163
42000
27901
68147
34507
98785
26785
58726
37021
10435
97153
6908
85555
94160
76509
29224
36758
62826
51489
3835
7653
11623
89389
85555
15582
67560
72219
67997
82160
15285
97512
72219
27906
82160
84060
30520
5563
44578
28081
65614
2895
64358
33905
68739
95721
21860
41927
52957
96710
5527
18229
86006
18352
48565
64971
5527
41234
46535
25224
19079
26598
56257
15019
36228
21860
29388
74717
99794
19655
62885
16995
27157
2992
64518
44808
75236
67562
90283
62635
87251
5563
6908
57544
34036
6502
16914
44808
34036
8214
51402
34036
71923
13213
98280
48565
22472
34036
63167
29454
89389
53822
56257
90199
51658
59220
8180
61216
55931
72219
46612
76452
19223
33905
66338
39725
17434
59179
41948
32438
21860
10435
31896
44058
21688
51559
26598
421
74979
69753
10435
48845
64311
38366
5527
53508
57066
78622
3176
63167
55112
64383
52814
87713
57744
97153
75699
33322
97153
53359
25520
82450
72307
39578
27816
22336
14278
87713
19607
91513
31984
26598
46612
5964
22479
5527
68739
15285
10562
62519
13867
12538
39725
98805
7824
56257
55077
94203
5478
41347
62635
36228
382
35594
38329
3176
41815
95444
56257
18352
25242
82506
48236
46535
94625
95493
81996
25224
82160
47880
54212
26679
82012
9592
34036
35487
87713
35594
76509
21860
75236
64358
45037
62826
57015
96646
98645
58606
22924
46535
89389
55931
6908
46612
3088
82012
35594
44578
5527
21688
56412
18352
29280
7653
29224
62826
18067
47602
32458
48565
87922
56257
65769
79393
39041
67140
26598
82325
73177
39725
12102
55931
82012
27901
2992
18352
69543
60163
26122
2881
11106
91122
30305
46612
56613
87441
6502
87352
64971
4478
10704
9344
50346
36758
47063
17380
1599
33905
33350
37804
29280
75236
56817
35594
46535
60854
28266
91895
9344
71443
64971
56115
81886
64358
70191
66807
15019
1617
86623
7813
25520
85142
92520
95444
46535
48565
68739
13086
22457
21860
60163
60547
38421
7824
74474
1599
87441
97153
87803
87871
35243
52143
19223
86123
27906
36228
68739
46612
82506
44280
83746
64971
6502
46535
28581
421
53132
74474
65933
36228
56412
66937
42000
2992
56039
21688
7824
2324
22472
27816
44578
98645
94123
77363
25520
30663
53359
64358
46849
36228
24194
56378
14097
53359
2614
33311
42000
12102
39119
62635
74474
72932
89138
53244
63167
82448
25520
62635
57015
69273
41915
78066
98645
25436
71251
69153
99422
15285
38329
13213
8777
978
24728
9727
2483
51922
72219
27709
6908
28794
36175
18352
79844
35594
98805
53359
19223
15285
1599
23895
30723
4150
80952
3440
34403
31758
19831
421
76509
42571
66338
76090
95444
1599
51489
5527
38843
13560
1618
42918
98082
97899
66541
54342
6908
86992
49095
9150
8407
6502
47344
1645
9344
16995
6908
57015
57015
56804
15285
41902
81858
82506
68165
89943
8138
68066
97153
90011
83673
41415
87765
56412
93204
54726
46612
29280
46612
27901
10435
95425
40004
7653
66897
99141
22946
96509
47600
46237
92216
82160
35727
17240
19021
99141
54241
4587
13633
27651
24568
10476
87819
7824
17640
22946
33905
15285
52899
28217
26598
4478
13593
52899
21688
33905
78234
22472
92332
42079
98717
74813
82160
36175
13213
37202
36228
7653
1599
51489
9633
50381
55931
55931
35594
29224
60163
35363
42044
39578
23445
49495
56439
64971
51489
60931
26598
87441
64805
64715
53704
70810
33728
6635
10344
53624
61321
10562
50081
62301
2483
13741
48002
28217
33905
28619
5527
4619
40824
95594
26598
25016
66575
41858
48399
75640
95873
35594
81245
62826
13213
20384
4478
87658
64073
59132
69620
3088
42020
92954
10435
57745
92667
23980
24569
1599
7183
87042
52899
11575
27816
39725
81886
98805
10562
27958
88881
66098
62635
72436
23889
4478
10435
36486
32652
84396
21688
72938
25681
14987
95864
25224
35099
82012
82012
3781
37526
84053
88312
23506
19223
25769
71467
21688
9720
92051
5138
98703
62826
97153
10435
28075
21584
39539
67383
76283
28217
58286
58864
38425
481
25922
21860
87137
81886
64971
47329
16046
97293
67562
62635
47667
87441
1860
95444
14335
62337
63259
66371
76146
36758
4478
2992
35594
56747
3088
72219
3781
26342
78622
10367
28619
21860
36175
45453
56412
3710
22946
29606
87441
1896
76509
5563
6502
40639
14597
67562
56257
25479
44673
14636
46106
13807
41714
55019
5563
51489
53132
22590
27678
74620
166
6502
53359
34036
13213
14636
15019
24788
59453
99698
42672
41641
36381
64358
39578
68739
76389
55555
29280
51489
5964
33232
46535
81886
82975
44261
27816
13213
12102
57015
62635
22472
35594
25238
13213
13593
25224
87713
99141
2858
421
55019
98693
12102
1645
22946
9309
18995
34036
66338
16658
5527
56410
87713
5964
64702
25224
34117
421
39578
44109
18352
24994
22731
38329
21860
97766
16995
74944
27400
66338
55213
97765
86949
18352
50669
67562
72364
47477
98805
28442
62955
53359
80313
36228
7653
44817
49860
89379
46612
53132
20237
51148
77528
72805
39725
40949
4594
67562
78705
98805
66245
82012
15019
421
67597
64226
52899
4478
72219
25149
7955
37794
81886
37918
15808
56172
64971
64971
87441
15019
78184
2992
7653
28650
21931
62826
2144
32460
6502
80045
15019
16995
44808
21444
76509
82035
36758
68389
39578
29280
82160
27816
77921
38512
26122
3974
23972
16204
28619
18352
82506
74509
39725
53838
52899
77396
82160
50374
46106
10435
67562
45282
58081
59541
29280
65948
9997
36374
55842
3176
72922
22759
2483
15285
90156
83215
82160
54636
38329
82506
5563
30206
47727
28619
74474
46849
41148
1599
48845
91151
3966
46535
32410
49733
16995
59422
36758
14636
74474
76509
52238
53359
757
91765
4478
6502
36175
2306
78622
33114
42000
42086
78622
96661
3818
10435
29224
36758
33257
38748
87713
59104
89466
51489
97827
74003
18576
2453
78930
71343
51411
67998
22946
97293
13070
36530
34643
87277
37549
28669
86818
39883
22946
65910
61550
83013
29224
98805
48565
46632
4883
18038
15285
71158
10893
64971
74474
60163
27906
38329
44734
15019
28619
10562
18352
39985
34256
12704
68739
3781
22472
44578
29280
17307
316
3635
12102
36175
10562
66529
90646
18352
40301
39578
27816
11763
6502
53182
37250
25238
84599
26598
53359
48707
73830
98805
3088
12910
36758
55019
99027
5757
81341
36758
5964
67562
39725
18352
15019
62563
72219
78650
87118
46630
97293
60731
40146
7653
10481
9005
89472
82160
99933
39744
39578
55327
95446
4478
62580
79012
15818
29224
22195
51937
7824
29280
77377
56412
97293
72931
25520
45926
5964
65727
26103
7859
28619
17640
27550
7653
62714
54366
28217
39725
66338
26122
9344
17640
39578
93041
22472
48494
34036
63167
39725
4478
53359
48565
69778
95881
95444
2710
2992
84046
32437
21860
75236
66239
43775
47841
22415
53132
80539
65653
91434
36175
5563
25224
34449
421
5964
61509
15334
17640
24274
32753
36175
2483
85701
22946
7165
86851
36758
53705
70744
90400
99141
97153
72453
51489
31939
34036
56257
64393
89389
52208
33905
73612
15019
8481
67562
201
53325
42802
5691
7824
53359
53359
48845
61040
54008
7989
95444
3176
86692
72219
19934
66005
44502
58024
68739
7824
85555
1041
64358
55019
89389
4123
69168
61125
73111
33021
15019
24152
63524
27901
99141
22433
53141
57015
54950
15156
39771
12102
3176
29280
19359
78622
27901
40807
53132
78515
34036
27901
94978
41770
73008
22472
77461
42377
10562
84885
36648
81796
19086
16995
14688
98201
60163
89069
56200
99141
46663
26986
76509
74474
73893
31588
64390
5527
469
17881
8239
63071
46570
27906
76048
72322
64358
84956
73584
6908
5964
57217
23283
48638
8020
63167
74474
62826
60163
85276
82506
79650
74814
10435
25520
59067
28217
87441
64358
63482
99141
48113
99141
38329
5527
82160
63136
26122
78568
58989
25224
11432
35594
7824
34036
15285
48041
55856
27816
29449
40706
46535
46612
15019
29224
87101
66338
25224
98685
82506
49588
3088
60163
62273
48565
34036
66338
1599
9033
53359
53359
6740
13593
19223
82160
37751
82160
48565
67845
87713
12750
15019
6908
77183
36758
42028
37822
99423
82115
92996
17640
72219
80282
99561
13653
15935
21688
56412
72220
38011
77254
32068
53615
11514
60236
48565
53359
83746
82468
10562
57338
39725
48845
1859
42202
94060
7824
69873
68739
64358
94528
26482
36295
6006
78463
10435
52467
18370
4478
17407
39578
3176
61062
22946
29224
12003
73235
50870
3176
13593
3176
99523
81886
34550
39510
33441
51489
39578
71603
59067
33905
72477
7824
7754
38329
99255
28217
14636
66664
25224
27231
98805
76509
2483
19808
43452
19527
94580
46047
76509
62826
51489
7913
82784
63939
24847
93164
42000
22944
19836
41131
9336
80416
88053
4478
85555
40934
67562
89655
94211
14636
70292
85293
74474
41338
60163
36636
25358
33431
27901
98805
81886
46000
45675
41482
46355
4478
82012
27816
93619
10739
27906
21860
7824
87713
94692
15285
16995
95444
60163
13593
46106
59869
18352
3781
4651
97675
59079
46106
30283
7824
421
72219
67562
421
421
75635
1599
12914
7653
29280
66338
2483
57766
83013
44808
35594
8574
53244
46612
38329
98409
74474
56412
67562
67137
85835
98805
1183
45648
54108
56257
55019
10797
87176
86958
3781
82012
23455
17749
70433
5563
48845
38942
84769
76509
35780
18280
21860
50958
48845
26334
83631
99102
53359
97051
12631
85853
36228
23938
92815
95040
75725
33905
55931
85555
1758
53328
12102
5527
65956
62826
77468
55019
22478
92256
36758
66338
56257
16995
28970
9344
25224
33555
55019
5964
34895
83834
46612
16995
35933
6347
25224
4140
5964
52688
72124
97293
11304
87441
90688
52899
81886
49882
12082
3130
83021
20808
86443
41351
10435
19223
78378
33905
19120
54342
38329
56172
89389
2483
74366
68812
9344
74702
95444
18377
21688
28619
87904
70228
82012
13019
16640
3362
22982
29280
47330
58937
8944
16995
31543
18191
77979
14636
46535
9797
94563
75236
78622
44494
64358
45985
64358
9344
6517
22472
98645
6908
83987
62635
70928
78346
95747
41473
25520
5563
13213
87062
77063
6502
85153
60163
11714
2992
38329
62061
12364
43453
26598
51489
51830
79688
1645
82506
7824
60163
46300
9344
88761
1561
39578
15401
28217
52175
81886
47538
50486
17640
36228
60163
26598
9904
91857
65878
68063
95444
11958
95836
82160
98805
17548
4478
22946
87029
69613
93599
7834
3781
7653
81886
30232
48639
27816
11314
50314
54192
32695
62491
13471
28619
71639
10435
53132
95444
32486
61738
421
1645
368
68739
97153
5527
59157
89819
97293
82451
64358
39578
50875
25224
64358
48565
63201
63167
65433
12102
28266
30781
40988
59067
52899
70730
63167
32120
57015
63167
39725
87484
29519
7824
67562
10562
87713
72219
21174
38185
81886
64358
26598
39661
12994
28217
30218
19748
13213
76509
77926
81876
13213
56343
20149
22472
75936
16784
4971
2975
61077
62427
66885
27901
21264
83910
77571
85555
29916
25612
39725
22946
53132
765
16995
10474
25520
6908
10435
66338
92852
10435
87713
11915
15019
53991
60321
36231
13593
55931
95292
34305
34036
164
13884
9344
9344
77775
53132
98016
24782
49556
56257
22946
2442
28991
46535
81809
25224
27684
71700
83013
95444
71097
82160
57015
29427
68739
21688
38329
83251
82012
91933
55931
43665
73953
72219
70956
98805
35400
21688
18352
10562
4478
70943
48565
421
25224
16995
7824
6501
33908
38010
487
34372
29982
13911
55548
95444
65979
53359
48578
83295
57015
74665
66338
10562
91227
21983
3781
57015
76509
93076
421
10454
27901
97153
27901
90125
97777
95153
28217
14636
2483
41486
62698
44055
94408
43053
5563
56257
28217
26122
5527
31094
11605
91083
19886
93257
53132
36228
29224
66996
13213
56412
69260
5760
85555
421
41609
36841
12715
39578
82506
87441
33465
60163
83013
51489
82962
2123
83418
29224
54226
92369
77506
86565
42512
36758
77993
98351
2903
60022
42000
82962
15019
87826
32061
44808
62635
16995
1599
1645
13213
67562
725
94456
56257
62635
3088
54526
200
3088
68301
98086
57015
35539
72219
22472
53132
85864
93616
30002
14636
91891
20165
36228
66338
94103
79463
1599
2992
26805
98645
1064
26239
19223
82506
65177
18352
62788
7937
60116
91269
25224
26122
29280
79154
33749
68804
44808
2265
14215
69814
21860
25520
51944
67006
36175
34036
33209
27816
4246
17403
52899
59067
35594
38329
26271
26122
26051
62826
2483
81664
80649
13213
10435
32074
89389
78104
64515
25520
45621
65534
89324
59067
53359
66174
4478
79309
62649
56069
3088
25224
34613
2483
78622
43697
16657
91377
1779
46612
81886
10435
51803
88737
53359
66338
66338
25724
26781
15961
45866
53359
1645
11958
84035
10801
58693
34036
78354
44808
17631
49524
38329
46535
34036
44808
21502
14636
421
64358
99141
49339
96956
45272
21105
13523
392
44586
19484
29224
60456
83391
15019
28217
49336
56412
35029
22214
72219
74474
78622
27906
75236
35108
62826
63167
40155
45299
54967
10435
77131
78622
23459
20186
56257
60045
55239
56257
19162
13501
62635
25993
95444
22329
35196
9302
4045
83102
12102
53132
46844
94708
76509
33905
53359
60163
35650
1645
90948
30192
44629
58306
18352
45423
56257
21688
14819
30332
89868
81886
93762
5563
53421
5964
51325
6415
84337
88956
25224
13213
36758
64971
28619
35594
82506
75236
26122
46381
58569
13593
36175
81886
191
14360
84625
3781
81886
40738
73093
62826
2992
39676
10435
27003
51035
10562
894
2985
28619
39728
98507
53858
5870
36758
2630
85555
3176
35803
11163
82012
59067
15564
82160
82012
59067
87713
72219
39827
59205
44536
17380
86365
4478
64594
82506
38329
1599
7372
23431
64358
93520
53359
47167
1599
49471
76050
15285
75458
95160
22472
89390
36175
78742
39093
19223
421
54558
27901
59067
69810
64188
98597
74474
80896
85555
10121
46106
16995
3088
60163
27681
80549
37019
3696
22946
32268
83764
421
9851
76528
3176
87441
74553
37557
53359
27901
51322
39641
29280
51936
83013
36228
9744
12172
3176
22472
44578
5563
3781
62635
58550
51470
76509
66102
46106
66388
9101
93412
57015
54273
44808
4088
78622
72202
78622
7653
16995
98645
21688
3781
17083
6908
94090
15868
97293
55931
19074
39725
44180
4350
22946
48151
67562
38316
92162
15088
86030
47782
60163
99141
46106
5964
96102
66983
16028
24608
29777
75236
19223
76647
2
54845
1599
1645
97076
421
12102
7193
60163
95444
94181
39578
51489
14636
71910
109
61563
59327
92029
69925
27421
14413
28619
27901
16995
57015
44808
87486
6990
46612
28413
74892
49033
77952
1201
75124
42030
21860
11921
76509
63468
30776
6502
77261
50615
48565
36758
36175
74684
51053
52257
28217
5964
62635
8449
22463
39725
74474
85555
4478
31827
73926
5964
17640
20208
83801
74474
22472
39241
74112
83158
28217
2540
55340
87441
52110
63167
62826
32881
85824
64200
84451
72219
3781
45671
7653
22472
34356
28063
36758
82160
65761
22472
24932
36228
74427
63472
18352
505
51489
98898
36175
28619
63167
87713
1599
85555
66741
93455
15019
28175
89389
47417
70639
52883
27901
83013
12609
97482
39195
56152
14051
29280
79555
36228
73791
67562
28619
48565
28619
21688
66338
82160
29280
16251
85555
15285
285
2992
87441
73151
84582
22946
22472
2992
16229
13593
11023
76647
37778
23912
4478
94587
42012
77257
88862
26122
20809
88512
67617
4286
14636
62635
28217
19223
84081
40301
14636
97293
64358
3176
43137
64971
95444
87818
59463
95444
82160
14636
1132
14636
82012
75389
1645
15921
75468
32473
67198
68739
90735
94699
12102
63212
68259
55931
722
69778
7653
95650
90369
64358
50863
59577
14636
36758
36175
22946
56333
13213
21860
39578
94303
98805
46612
25224
38329
62826
75236
67085
3781
34036
50020
82506
67952
53359
11058
44808
95444
99109
39725
99572
56257
64358
34036
82416
87441
375
76509
15842
48565
67349
16995
56269
55019
15019
81886
56412
5563
57015
79066
27901
59067
81886
17640
27906
85384
93423
77982
64358
46710
67417
58530
14102
68739
55931
40761
16995
87254
66338
36758
97153
55019
99141
31186
13213
25224
38115
46612
33905
3781
55405
39162
52899
27901
46612
60802
16012
59886
36863
48845
39117
3059
95585
59067
98805
87713
70531
12
55165
15285
81475
25224
77061
40974
44578
21860
20915
27816
13213
9344
67639
3781
83648
85073
61466
36758
27816
4594
95444
18030
56547
6908
21801
12418
97153
16279
97153
44991
69975
24377
62826
52899
68739
90023
21849
39245
2483
36228
32216
37438
15285
7824
5529
70970
40504
62635
87713
62635
49717
1599
13213
82160
7653
7824
87646
66080
7653
1261
5527
68739
3850
43961
68739
99141
9092
1645
6502
9344
36758
12222
27816
30696
17500
3115
10435
44680
7768
64135
82012
59971
27869
2483
51489
6181
72219
96699
36758
64358
78095
51459
90658
46535
82506
51489
38898
60163
36228
36758
35278
26122
15019
33905
26598
38329
38329
9344
74474
56613
5964
18264
44232
35882
82012
17640
4478
83584
62826
89389
53132
5403
15019
82372
23633
61971
84627
71393
11848
69138
46106
33269
7147
88612
54830
36758
19180
46535
9344
79469
98956
59067
83013
53132
76507
421
6418
1599
61659
2992
78999
95444
72303
70558
53359
8409
81886
27906
56230
36758
55019
59067
68739
53132
668
8231
98688
32385
27816
38329
27816
79963
69255
97503
26122
10562
87713
87820
53132
76328
68902
50867
5345
13593
84666
52899
1330
25520
168
34036
46612
16774
57526
19432
30801
1827
79914
68739
22232
49115
76509
3781
81136
24215
48845
26598
62327
14636
21688
27906
67562
64358
98805
82394
33905
2483
9433
93301
15794
94024
81058
77233
29224
74474
95607
56495
62374
74474
97153
6908
509
78622
94222
30937
51489
24751
44377
37693
63265
82160
79383
8403
62635
421
63057
71812
63081
30161
69112
14636
62826
79389
1531
25520
61767
36175
10027
25520
99141
62679
80411
97153
75236
5124
28217
3088
28217
21860
33905
52216
72187
33825
42407
64358
56257
2992
56257
47494
50585
59
49278
44808
4519
57015
57015
71005
29280
95116
5563
51489
61506
98959
63167
25543
92072
80962
39725
2682
29224
77121
99504
62931
48565
46106
59779
56412
87011
6502
85914
99141
69155
56412
46535
68437
46106
31673
15424
60367
25520
14280
51489
19946
82960
56412
96097
3061
89611
74108
95444
22509
44578
78622
68629
44808
95550
75005
46715
28779
17640
42981
36228
67089
38329
8817
56257
35981
2701
18352
5964
13213
81533
46106
22834
22472
15019
83323
28217
84199
27901
44039
13213
86871
62826
3492
55931
99141
49451
4478
80726
96123
52899
9090
5221
36228
57997
27816
21688
56257
10435
36228
4320
19223
76509
19223
17923
4478
18663
73205
99141
34460
43036
75823
5527
93528
98645
421
97153
15019
14636
18352
85555
3176
36758
62971
79459
55019
98645
44578
14636
89885
8118
55078
95444
58594
65315
30114
28217
98645
25224
30832
71004
85555
3098
35918
46451
5079
20758
62635
26122
20101
25839
51489
5964
56412
97153
36228
47940
78622
421
33765
28217
4773
11297
85870
36859
12102
5563
63594
5964
59996
56257
97153
4372
46303
73337
60163
53132
16746
62826
56371
71899
89915
25520
13593
27901
22073
36228
55019
27901
15379
33905
28619
36228
56871
94211
55019
13593
57015
56257
36228
94
19223
22946
2992
61324
12949
37911
82506
67562
4478
1645
14636
62826
67247
78187
15019
29083
20454
62635
22946
61365
95444
7824
98780
42000
98792
66668
97153
35594
86633
82240
58087
27735
1645
39523
58898
13593
39578
7085
7042
12102
2858
59067
18942
99984
82245
38034
33847
32223
30571
21688
99183
36228
47392
5527
65159
59067
57015
64358
48845
78622
55585
59067
17640
33905
42000
81949
56042
75875
27816
15389
87441
64358
51489
43282
2483
95619
78307
52768
29127
34036
43793
26973
46535
88202
27906
44578
44808
51385
98805
68161
19489
99783
29853
82012
72219
35016
66338
2483
9205
8079
66338
44415
64485
37781
29978
10562
99141
67576
36758
73955
56425
10562
76509
55019
81886
13609
48404
97711
87713
85030
19223
5974
64674
41038
29280
39725
52899
75588
59343
9344
26598
20945
14636
61797
421
27138
12160
83346
17640
1599
64971
44578
3830
1486
24576
66385
56777
9344
1590
1645
27533
60381
39578
25520
18473
82160
22946
36175
55451
87713
19289
61870
37140
33905
48179
52899
33271
16995
53886
53588
7653
89389
51489
88144
73845
2992
99428
32240
41617
2483
98645
66338
55019
66753
76198
99840
74474
3088
24917
53359
94333
63203
72778
75236
76035
90129
62462
97983
85555
3781
92787
29280
17640
98896
46106
16872
98805
987
13213
55931
38532
71868
19223
19078
25520
1645
19223
55409
53132
62465
1645
6952
18352
85555
58836
31235
55792
46612
64971
94339
42000
2483
55440
70259
50861
5563
75239
14636
21688
37518
46612
39725
98645
89779
1302
6502
87713
26371
61867
55037
87441
29545
94977
15285
16995
7653
27906
3176
29280
21860
28619
85555
61992
18352
48845
28217
42395
38750
87713
69434
98645
64358
62635
18394
25224
86087
5563
15285
22946
32172
31642
99136
84250
42789
12102
66338
41774
1936
29052
97153
7382
9344
90486
98645
41717
51333
45379
84661
11014
21860
78622
20739
73795
6502
64358
7252
51489
75474
15285
91310
51489
58499
72882
421
75236
63167
4478
73427
9344
82851
51610
65366
17640
60163
14568
62635
28217
17364
78321
8773
62826
17637
76131
50151
40568
72954
94415
53359
68651
87441
55019
87713
64537
78622
44630
22946
20229
22685
5964
5772
88028
25224
62826
75536
53132
34102
17640
67562
52899
3781
10435
25520
86144
33108
5563
45752
46351
38764
5964
65370
71361
3781
28611
86387
82160
11110
36758
67468
12102
26728
82506
91471
62826
77152
421
67562
35594
52899
1204
44808
83013
55931
66010
38329
25813
88730
61744
28619
74474
56257
81886
25084
29280
26598
10562
66338
76481
90658
87441
95444
2483
40414
39725
15019
25224
27906
48565
18768
93837
16642
63167
56257
67106
1599
27981
98721
98645
3081
22472
19223
45749
24540
290
3328
76509
55590
80397
46606
61057
39725
53359
51701
66804
27906
63167
40954
27901
28928
27906
9384
29224
87981
96532
15412
96566
72960
20436
53848
39927
67224
1645
11747
25224
24225
99141
10575
18352
10219
9843
46535
46106
20300
87713
327
85096
67562
6908
10435
27906
5563
54927
10435
78994
68408
50058
56552
40785
94610
26598
7653
27901
48845
25061
87768
82160
32681
98084
94336
97153
9537
76778
53347
36758
57015
79856
5563
98645
81886
95134
6127
36175
5326
7824
44808
12102
7824
5964
29673
66628
60662
5527
7824
5527
39578
10562
50600
6502
10638
49120
64961
3781
54633
31025
21043
13593
85555
77957
36228
29224
1645
17640
22593
68739
50088
59510
67562
72219
75792
66338
15626
198
42118
34028
7653
66935
63930
40818
7824
41689
44120
44808
86592
48845
18352
3176
21860
76694
98562
80613
12102
55019
74474
66338
69808
14126
44578
90978
95150
62826
43552
16014
70765
36228
59846
18352
39578
67684
68393
54828
67562
15014
28619
29126
80188
27326
18352
18817
20733
5563
2042
47712
12127
13689
98933
51489
60507
9344
35594
21860
14636
14077
11295
421
67562
5563
66161
91543
85555
5205
64971
38458
864
64971
39725
82598
421
3781
85233
63167
28217
61412
28619
14037
421
27101
23370
14636
82012
66338
46106
3781
51711
16526
36758
90902
42000
46612
46106
71927
18352
35288
99141
2883
48565
78622
37207
38740
28619
87713
63741
22472
19574
21860
67089
3088
16977
97880
53359
24128
64358
32321
86
45350
99141
421
21276
20159
59433
25520
62880
60696
28217
50336
92208
87515
39578
76509
18181
52899
33905
41962
38236
67398
52938
7824
1645
89389
5964
57015
44246
99018
35594
9344
13593
5563
60904
55019
36758
82506
16272
63100
421
81886
83013
36175
12240
37188
97153
6908
30572
4966
77898
52899
54976
60163
52841
10435
39725
86913
82474
62635
62826
35857
10562
56412
59067
75236
19223
62826
99141
28619
18363
83013
74932
28801
38329
63085
421
74474
39725
55931
33180
66400
4478
10435
36228
89058
63669
96618
33905
22946
68739
421
22146
55893
29224
14623
23152
93722
98805
76829
26122
75409
17640
20926
45713
7111
34922
58209
87441
26764
23987
64971
99869
94812
55019
29224
14841
87441
87199
62516
66338
57353
7824
87713
63486
7653
46535
46535
81886
99677
57015
5029
36175
87713
75994
5505
30630
29259
36906
44200
44183
38329
8205
25520
5563
19651
78622
1645
44472
9344
360
21932
61963
94711
43798
79677
11242
21688
93230
42217
14636
48845
29599
52894
43824
98805
21688
36228
31104
13593
50217
47815
83299
5857
36758
53132
44808
14636
11179
53898
77083
16192
7824
93405
96659
59058
68233
32028
12484
1645
46160
61479
1520
27816
70649
28217
42000
27501
21091
27901
6908
55638
49194
76509
27779
37808
93845
1599
98069
26963
6908
6268
46838
5430
28212
92181
78672
27621
44509
48565
157
75236
57054
5964
60163
6502
49982
21860
3088
27901
38049
29239
67562
95462
6757
95444
97042
86037
7603
6306
78622
92426
59656
28964
59054
6908
94832
73868
95444
78696
21827
36228
13247
56257
37976
17640
82160
27906
37195
55931
87441
2992
76196
18704
62076
21486
55019
2483
23527
64932
66338
44578
52964
78622
87713
68264
1232
25520
3088
3176
7653
27816
66338
97153
95610
87441
89402
74474
10562
3176
25224
17828
98645
28619
63372
72960
86392
421
25692
16082
29560
60163
804
56257
29280
83511
6908
75236
81052
7824
45284
35812
74474
55019
3992
5527
60163
36484
85555
89389
2686
86346
53359
38606
83013
16995
53359
44578
3176
11490
77572
98805
26176
53359
82160
6191
