562989
903736
268777
562989
37742
426765
268777
268777
426765
279617
264648
354561
969131
268777
917936
795409
796032
467533
985916
426765
814786
246670
710280
562989
109616
268777
110208
426765
673589
728493
562989
521721
426765
728493
985916
268777
230863
109616
845236
325931
230863
854033
230863
106899
728493
728493
520800
562989
854033
892219
521721
728493
426765
467573
89559
106899
781343
985916
124063
781343
985916
467557
250568
106899
521721
881333
618720
710280
618720
261113
77529
283917
508834
129137
426765
114167
104423
885099
520800
110208
177895
726167
710280
230863
516741
852851
129137
618720
520800
42493
291476
969131
863485
883512
985854
14423
618720
230863
830626
675361
726167
366274
850711
618720
562989
728493
562989
969131
520800
230863
885099
308688
226420
580418
852851
357392
952820
781343
949174
963443
153137
398499
618720
106899
710280
573583
328127
591699
260592
325931
152381
678211
436851
852851
129137
60154
109616
168554
850711
106899
714236
714236
728493
260592
766408
562989
562989
728493
245693
268777
230863
936073
432331
731179
333612
726167
489261
129137
527458
841906
50658
96785
767331
531751
641567
333612
881643
613515
291476
485287
580418
779291
370636
398850
856699
523006
710280
89559
124063
423166
60154
778112
260592
585332
710280
423166
395970
260592
952820
839852
168554
756491
245693
104105
726167
675361
265210
716603
195909
409039
781343
854033
985916
931855
280921
766545
587998
576944
817304
333612
654985
260592
613515
814235
172352
641567
451103
580418
291476
367953
395970
230583
852851
675361
436851
671662
662856
5152
124063
639965
622323
999055
873084
60154
879205
325931
927858
487402
496528
807110
501323
331471
618720
438607
291476
42702
768066
854033
726167
859068
221627
768066
144061
594578
820123
68675
469358
228142
148577
726167
672592
305061
199423
211794
89559
3111
109616
106899
451103
94487
489261
14423
5152
397226
485287
663465
211794
663465
809744
806479
375846
854033
88253
94487
828960
89559
732631
110908
230583
756231
15101
388580
221627
627310
850711
129137
571082
325931
96327
613515
451103
450011
852158
714236
852158
822622
250568
381631
556295
260592
641567
562989
65474
726167
446243
375846
809038
195344
271145
117718
409039
94487
291476
969131
980334
621430
245693
969131
177700
410838
798364
397226
816876
46451
250568
395970
756491
426765
398499
766408
386451
686389
367953
955683
985916
517005
687840
451103
949971
110908
104105
852851
69888
544743
580418
109616
245693
636182
728493
135656
129137
864182
498446
955683
523006
99480
892219
921411
3111
28270
230583
896304
730202
977853
351531
756491
716655
600847
547974
523006
680181
94487
367953
521934
211794
556295
331471
831774
523006
964411
346717
985916
726260
612667
46451
178601
903802
65474
592155
148577
573380
423166
230863
879205
650489
268624
593154
675361
48903
969035
144326
636182
221896
328200
903553
770056
333612
1186
687840
955134
85742
388580
491065
51354
265597
375846
28270
839852
322386
269613
110908
285671
124063
325931
636182
245693
404488
726167
87323
268777
230583
618720
88253
852158
2558
778112
172352
367953
434482
726167
714236
544743
955683
726465
89559
531357
282853
641567
502409
868145
852851
223233
885099
29274
129517
723764
136738
93664
952697
333612
75984
446243
104105
654985
873468
695676
33836
175762
954735
766408
140016
96327
613515
886034
488674
148577
204968
523006
451103
604273
137129
778112
189034
580418
358285
710280
544743
921411
387793
955683
285920
260592
873084
708984
892219
524781
345794
129137
531023
723987
181850
970537
135656
993570
52085
665010
168208
610355
892219
873084
687840
211552
88253
942269
503899
619221
861543
239208
457925
233991
135656
436851
728493
198911
772637
624113
326706
867958
611885
339706
627310
87696
423166
331471
124063
429459
963584
908596
387732
329445
892775
426765
726167
211398
168554
562341
580884
96327
28270
133297
798364
793241
732550
269849
11195
114285
799910
556295
682891
852851
666991
847708
726167
520800
54994
879205
135656
924762
375595
918236
282874
696136
523288
843725
955683
395970
3111
621430
756491
268777
717557
633476
149064
4779
388580
64295
3111
828960
129137
129137
594969
562989
28270
291476
164984
950671
98505
553332
415973
728493
144749
375846
45792
14423
878761
430211
284717
544963
74249
375846
562989
129137
687840
662976
439915
142291
769142
269995
398499
728493
556368
163388
145206
196177
556370
367953
520800
203598
768066
588321
221627
245693
352027
219045
775748
110908
756491
674360
92126
423166
87272
726167
885099
839852
942625
714236
475879
974390
72152
498446
742674
250134
852158
873084
378453
892219
660667
893250
157926
462255
280702
409039
728493
815078
4627
451103
436851
436851
580418
65474
110208
398499
106899
798364
849163
715770
41163
749734
116624
726391
146848
43168
65474
377563
957585
734952
117603
728493
185302
673993
769841
235619
316730
995251
325931
70843
302404
636182
89559
765724
798364
94487
423166
839852
388580
453184
949971
921411
623550
262196
124063
279999
268777
781343
154837
793262
757360
519019
523006
219377
633621
56646
260258
287100
569838
728493
848699
296965
681647
325931
824685
683232
742023
801611
104767
397226
211794
839852
929719
256643
661355
433061
227570
873084
873084
615281
544743
281031
607618
335410
110908
169683
331471
117718
105389
961647
982225
77825
752353
5152
371070
455625
272008
485287
498446
374446
543525
768066
411996
683483
892219
398499
734342
50218
148577
245693
110208
932505
196617
180250
64528
465990
325631
585332
99480
969131
583998
879205
224790
287487
710280
211794
728493
110208
562989
3111
331471
960331
965084
728493
110908
347763
623220
756942
710099
524059
270040
290201
333612
613515
585332
172899
106899
698748
234891
787123
427824
331471
89559
168554
920121
60154
60154
148577
109616
187544
392094
110908
135373
571082
291476
451103
839852
854033
331471
168554
624583
148577
951988
158580
375846
255025
854161
710044
613515
778112
827383
746069
817304
397226
406797
109616
250568
686155
781343
148577
697889
833613
969131
858485
165044
511868
556295
714236
398283
684262
725010
395970
436851
310024
520800
528136
728570
794089
337185
839852
388580
766408
952820
638707
765100
46451
96327
280685
778457
817304
148577
104105
710280
798364
148377
513454
544130
756491
651598
911772
899272
3111
151136
854033
367953
489261
148577
947525
392780
663465
104105
556295
395970
834131
556295
325931
518319
970887
817304
523006
686389
520800
601762
60154
789319
10632
398499
204762
61416
852158
43256
654985
216809
852158
375964
663465
124063
36619
938625
379862
520800
766408
913367
663465
707532
654985
822622
395970
919512
438607
250568
554408
613515
885099
865880
110908
438607
214585
99480
892219
193485
65474
426939
675361
3111
106899
728493
859977
245693
221627
756491
423166
211794
828960
274356
726167
332895
985916
51628
607388
850711
873084
834787
172352
834517
714236
432748
530417
106899
579807
684214
534834
159174
367138
579793
879205
388580
892219
172352
211794
828960
870779
523006
388580
514463
364064
446243
190995
167849
254910
135656
3581
524032
216145
992560
649801
574869
577288
333612
115596
663465
164158
873084
556295
15133
221627
636182
135656
808416
438607
260592
275095
95129
110208
952820
980919
214942
337165
65474
190321
756491
976894
245693
521721
868697
806919
14423
768066
685500
985916
436851
766408
41089
828960
562989
659807
932883
795199
552429
388580
96586
403982
937118
398499
106899
53798
291476
43505
564986
755242
952820
229166
839852
227353
710280
28270
921411
998655
556295
432075
129137
918961
409039
110908
556295
423166
321175
547748
872505
882139
273521
279613
585332
641567
260592
419576
663465
14423
210963
106899
580418
322233
135656
964808
873516
737197
713243
983022
841268
225000
89207
351089
212205
726525
221627
855359
768066
109616
244158
281370
891656
28270
754974
568637
94487
293396
882259
53975
55733
771030
544743
409442
556295
388467
89559
778112
521721
31798
778112
61926
124468
109616
798364
42197
332779
88253
880941
854033
486203
643342
641567
714236
85515
766408
973577
710280
322492
952820
627310
969131
177950
358497
903119
641567
700604
342879
517063
616774
494811
585332
756491
735352
339961
22626
569352
634233
365238
828633
867932
438607
523006
110208
386512
28270
565957
815460
818515
46451
486453
457579
571082
104105
438607
589643
438607
426765
135656
287070
921411
865629
383144
46451
562989
763918
947708
310333
803480
955683
798364
168554
654985
756491
627310
28270
194541
230863
55797
443572
187952
104105
778112
748187
529985
955683
135993
360301
302145
708473
388580
620614
641567
609229
411859
817304
558140
933700
182558
82221
244653
489261
89559
348916
908642
314496
949971
3111
346995
122133
291476
524759
510704
469823
959086
957082
135656
778112
375846
89559
558061
268777
771695
148577
245693
661565
177163
530036
432290
198434
721128
447195
641567
389136
269293
675361
918608
60154
160126
839396
544743
367953
89559
70148
854033
409609
375846
96327
775244
267767
311318
654089
618720
778112
797766
627310
937
148577
931201
99480
952820
805561
714236
660456
630153
106899
409039
551399
423166
398499
168554
172352
523006
778400
28270
132485
465085
617670
249432
828960
517717
157603
367953
395598
817304
898707
892219
96327
3111
627310
433810
821945
124063
710280
966914
838427
690186
656201
663465
104105
223192
3111
333612
531092
409946
157395
585332
726167
690014
817304
951080
50997
520800
388580
828960
211794
639301
577722
230863
110908
88253
423166
850711
477784
109616
944496
852851
397226
391454
967659
431101
618720
5967
578441
129137
388580
580418
56668
46120
577784
573979
945987
952820
408789
880734
714236
544743
59812
675361
675361
655765
726167
687840
520800
839852
331471
96327
873084
446243
807173
472055
341449
5152
873084
510926
238471
987090
641321
892219
904736
423166
949971
825543
854033
472423
567563
973233
409039
451081
457637
322523
789719
411325
740721
709297
314749
765137
338779
110208
11612
489261
890295
436851
446243
297996
839852
822622
828960
362205
886442
173207
522833
873084
776119
990589
523006
268777
957362
260592
556295
955683
314003
767413
778112
268777
49489
880568
596218
94487
636182
593662
426765
585332
5152
542987
201780
942431
645800
580418
892219
603439
602194
106899
502260
985916
610487
585332
46451
378995
159571
955683
153009
667185
46451
778112
60154
109616
804108
585332
27248
544743
446243
817304
675685
106899
613515
885099
854573
756491
560960
18209
426544
56092
423166
129137
674565
257620
697334
230109
513983
768066
781343
996448
80928
330140
876156
436167
230863
945938
860343
388580
576047
46451
380622
839852
398499
852851
801779
811209
877715
441507
126449
104105
125400
955683
439315
761700
94880
110208
258613
363041
397226
756491
399326
65474
221627
717135
398642
972987
521721
44629
5152
16440
3111
850711
544226
768066
135656
766408
271628
60154
251545
339208
65474
745729
618720
489261
452301
677941
426765
716015
819036
423166
109616
132610
427055
423166
621430
566263
89559
102003
756491
585332
565784
985916
423769
400252
248546
627310
636182
789413
9391
562989
585332
89559
879205
260592
123638
89559
346356
14423
438607
728493
89559
104105
636182
397226
381009
427324
624900
523010
687840
641567
793602
556295
250568
96327
702378
386209
728493
96327
407188
617105
423166
942761
305433
260592
398499
561137
168554
544743
774577
974824
388580
280221
955683
582842
93676
756491
94487
879205
580418
375846
726167
234615
266130
584745
580418
168554
77876
65474
137052
878630
571082
627310
178084
728493
117718
817431
828960
78074
20672
446243
562989
997874
524334
266855
342461
92269
593174
409039
675361
49976
89559
395970
654266
768066
4769
541876
971157
89559
455780
327265
260592
245693
110908
423166
641567
621430
710280
60360
163450
104105
99480
726167
436851
657052
728493
446243
779311
952820
465896
580418
170990
613515
613515
155822
398499
498446
903321
127683
891501
221627
147712
710826
110208
852851
781343
230863
310208
189031
985012
421090
375846
781343
272333
968588
892219
879205
852851
553693
885099
461216
828960
974218
873084
230863
69898
168554
697062
773922
333612
104105
498791
710280
976749
857473
891304
5152
778112
521924
367953
574115
104105
651971
986809
822622
905125
221627
926298
308607
101817
829901
395970
372520
852158
124063
5152
238504
985916
822622
248533
613515
586903
674850
991316
375846
714236
580418
357313
271350
211794
398499
768066
28270
921411
512405
89559
728493
985916
508006
183520
148685
852158
828960
28270
631107
398499
778112
854033
556295
641567
998154
438607
841786
93198
129137
331471
28270
544743
892219
3111
314864
839852
854033
621430
416801
230863
268777
253498
687840
423166
523006
221627
714236
375846
721038
124063
398499
546199
532271
439971
316366
388580
874418
245693
221627
996081
124063
505972
178586
808700
67098
240853
191100
682064
839852
447071
601809
325931
212897
140154
608371
393778
22454
571082
438607
426765
828651
562989
67868
523006
14423
168554
554687
333612
270890
28270
321455
862466
525021
260592
949266
61116
109616
124063
954227
892219
135656
106899
543829
572154
613515
917833
426765
498168
827867
409039
852851
230583
969131
489085
5152
485287
133973
527005
828960
635498
388580
325931
766408
521721
320660
135656
789719
206822
852158
580418
423166
333612
157995
544743
638967
73121
172352
250568
822622
996670
182345
186015
854033
221627
357330
126529
854033
135656
195302
94487
246460
397226
654985
230863
61576
797942
223368
556295
710613
110208
168554
5152
498446
636182
481821
46451
260592
485287
880788
37929
307598
398499
67341
539399
333612
633770
455455
873084
148577
149622
585332
291476
583169
544743
230863
993097
372477
140454
361834
232375
132445
172352
701178
516128
854033
521721
885099
30313
613756
489261
172352
122027
92305
573553
527918
865925
710280
521721
627310
949971
822622
726167
892219
596561
8976
101787
215789
299606
