85408
85408
85408
85408
32758
32758
564
67451
32758
67451
40843
59370
93155
93912
85408
32758
85408
85408
86326
86326
93912
86605
93912
7699
7699
86605
7699
32758
85408
40065
80890
73189
17500
86326
88656
7699
86605
32758
26188
17500
85408
37794
22214
42348
86326
55173
7699
92234
92234
13005
7699
93912
86326
80089
93912
56143
93912
92234
55173
46473
80089
17500
85408
54150
97792
74155
78637
26188
33318
26188
33318
81550
4713
46473
79593
32710
64882
33318
33318
91064
44323
26188
77768
26188
98864
42348
97882
96874
13005
4713
77768
55173
64013
84302
99802
83311
7699
56143
60188
27694
33318
88656
98864
85408
23096
88049
96874
4713
32758
64882
80089
46473
77768
96874
98799
55173
98799
60594
93912
93912
7699
83711
58374
92234
98799
86326
58374
86605
68862
64882
79903
60594
63576
84979
64065
33318
92234
13005
48028
92234
53029
59434
60594
38498
16839
17500
34438
91967
86960
93111
29332
67451
71951
29010
4713
39449
4637
13423
78637
83311
83311
65067
84666
68967
79799
42622
13005
43977
98799
7699
79903
29332
72607
36535
16839
96874
88049
43850
13005
46473
27694
78609
50992
92234
88051
78637
69755
13423
71635
43850
80089
94000
34518
34719
39616
33318
89903
42622
68862
81251
30777
56364
60594
56364
7699
11542
17616
68862
46611
13423
84321
99532
98799
35318
78226
17500
68049
46473
32758
27694
69395
46453
88051
48140
17616
44323
87305
29010
61263
72374
48140
44323
76159
78334
42622
96589
88656
69755
41586
59434
71357
88656
52383
23656
92234
86326
44323
29332
29010
59185
52604
14360
42629
16839
46473
41935
83962
17500
78226
7960
59484
27697
58374
86605
83336
10723
87691
12276
59434
4128
85408
39616
58374
72480
18301
50992
38347
13005
29633
64065
18790
43850
44693
88656
96953
75991
43542
56143
13423
87305
45228
71635
98864
58281
90334
69755
48028
46039
17500
48028
46473
67194
33546
71635
77768
29010
88137
33546
83311
25195
82158
56933
58374
80732
89903
79899
96589
58374
94284
43977
48140
3149
99532
60594
15571
12286
46204
42622
27694
13005
55847
46611
32974
85408
85408
98799
28292
18790
32758
29010
46039
37031
59588
23656
27198
56933
42348
45228
6361
88656
13005
94284
64555
80089
71635
4272
4272
93769
46453
95120
4272
12719
46611
80097
86326
56933
16839
56933
79903
41899
72060
20887
68669
95791
49750
71050
46039
3275
55173
67451
92191
41715
27694
59588
57063
14507
70185
29010
53647
7336
24181
27694
78637
43850
12435
97718
83962
80089
56490
94551
94284
87305
13005
7115
17616
10415
51064
58247
44693
56933
38948
92641
34008
59373
83556
83311
68862
5724
39616
33546
78637
64207
3751
29332
26174
75543
58722
60594
64882
87305
69294
24569
88931
32758
29010
6962
33727
84857
28292
39376
69427
98799
86326
96874
24824
4272
46611
27034
44323
58247
66462
31896
40957
42069
30598
78226
25642
48028
32974
48028
77768
30133
39185
21439
12615
72374
57694
44319
28302
97007
46039
10962
55226
13005
26188
64065
92834
16000
87305
24427
13618
3552
88051
7699
39337
60594
40711
27578
5420
33546
95120
48140
93741
68356
53017
29633
84413
33318
44323
54466
1987
26712
43870
44693
51184
72609
79223
15036
60616
56933
46039
68049
55747
59588
50313
32770
93912
74435
52778
48356
44234
19025
86605
78334
37652
94547
36535
72374
95120
7422
71635
17249
25949
78334
63614
75717
71357
26214
9229
75178
99420
4506
7740
98726
46204
38950
28292
21677
12719
80032
65
53707
59588
86326
55105
61570
46611
3914
80732
25924
38473
71357
62136
29928
30755
87898
92099
55847
45228
80732
93912
24409
73903
27694
98799
33546
71357
32758
58208
50176
46981
3149
89925
33546
27198
80732
10429
3149
85408
27694
45834
7699
33542
80097
58374
23656
36769
88137
4607
93317
80097
29296
29633
68862
12719
56933
56933
40320
8901
43299
79465
36012
43103
13423
29750
26188
32974
36653
56364
80732
3447
31477
44323
46473
44693
50001
46021
8341
44323
88608
75608
43118
28292
94284
99532
33318
58374
6361
79410
96589
68049
17902
29332
73102
63431
43850
17179
25372
60594
26449
81359
78212
98799
56143
80097
43389
42622
23544
55173
89903
43542
90899
90334
4128
54176
4713
4549
69755
43853
11946
88049
94284
20424
88049
17432
48028
59341
98799
79899
29018
96422
13934
18301
27860
29633
80089
95120
47888
42348
37922
42348
56123
59588
39292
90300
17616
32386
87518
51743
97104
77492
71482
52565
8453
70905
12719
45228
45072
46473
78226
64065
30737
73058
94284
51565
77999
22458
66765
16770
43542
68226
99532
20727
50186
48807
27198
18790
92234
11664
55847
46204
27198
46900
29465
94284
99562
85152
12276
72077
29010
99532
90133
26188
95055
35163
93286
27694
87979
50349
77768
29633
60053
84431
91651
28392
87305
45228
71050
30364
54019
74583
32974
57326
28355
51294
83311
41586
72799
33318
59588
78370
76350
44323
33546
9546
26140
94141
34064
56933
12719
91828
3149
46039
84925
88137
40127
59588
64555
14782
80089
29633
15658
74645
79899
57951
96589
29633
82469
48574
46473
10842
87305
35795
71089
80089
7544
46473
12688
83962
13005
59052
37309
43850
29332
45808
94927
71635
42622
17500
71635
7889
16839
1382
18835
28292
38992
22815
42622
95092
49624
59549
60594
60594
65793
95120
46453
89903
13423
29633
10831
80097
80097
29332
5734
29633
29332
42622
93769
78334
91044
35236
27694
25386
28292
30132
21390
28292
72925
56933
60594
498
41581
83009
47086
95302
12719
87337
39616
30364
80352
12276
68700
86794
26084
96874
5289
32974
81782
86284
56040
61592
9558
26188
78400
55902
44693
27697
87305
88051
80089
55173
78334
26188
55173
39616
40461
88049
98864
36535
30233
42629
86833
88049
43939
69755
66711
97041
20344
26622
13558
98864
6361
4713
38347
92856
96589
57693
78637
17712
31034
48028
19131
89903
3149
88049
48140
59434
4713
4272
83311
28050
26188
10391
11946
68862
79903
38862
35319
29687
55173
26188
41112
27694
88656
43977
48028
59588
10903
16839
7336
8668
59434
80089
13005
59434
72118
41586
58374
37390
15015
61251
92629
56495
43977
62697
62602
80089
17500
17500
18301
91301
87307
26188
13005
6361
9520
37828
32808
4713
7699
64065
43542
32469
38777
99532
72061
17648
78637
97503
70933
68049
59588
43542
42629
40764
87305
94296
4459
16839
36272
