562989
903736
268777
562989
37742
426765
268777
268777
426765
279617
264648
354561
969131
268777
917936
795409
796032
467533
985916
426765
814786
246670
710280
562989
109616
268777
110208
426765
673589
728493
562989
521721
426765
728493
985916
268777
230863
109616
845236
325931
230863
854033
230863
106899
728493
728493
520800
562989
854033
892219
521721
728493
426765
467573
89559
106899
781343
985916
124063
781343
985916
467557
250568
106899
521721
881333
618720
710280
618720
261113
77529
283917
508834
129137
426765
114167
104423
885099
520800
110208
177895
726167
710280
230863
516741
852851
129137
618720
520800
42493
291476
969131
863485
883512
985854
14423
618720
230863
830626
675361
726167
366274
850711
618720
562989
728493
562989
969131
520800
230863
885099
308688
226420
580418
852851
357392
952820
781343
949174
963443
153137
398499
618720
106899
710280
573583
328127
591699
260592
325931
152381
678211
436851
852851
129137
60154
109616
168554
850711
106899
714236
714236
728493
260592
766408
562989
562989
728493
245693
268777
230863
936073
432331
731179
333612
726167
489261
129137
527458
841906
50658
96785
767331
531751
641567
333612
881643
613515
291476
485287
580418
779291
370636
398850
856699
523006
710280
89559
124063
423166
60154
778112
260592
585332
710280
423166
395970
260592
952820
839852
168554
756491
245693
104105
726167
675361
265210
716603
195909
409039
781343
854033
985916
931855
280921
766545
587998
576944
817304
333612
654985
260592
613515
814235
172352
641567
451103
580418
291476
367953
395970
230583
852851
675361
436851
671662
662856
5152
124063
639965
622323
999055
873084
60154
879205
325931
927858
487402
496528
807110
501323
331471
618720
438607
291476
42702
768066
854033
726167
859068
221627
768066
144061
594578
820123
68675
469358
228142
148577
726167
672592
305061
199423
211794
89559
3111
109616
106899
451103
94487
489261
14423
5152
397226
485287
663465
211794
663465
809744
806479
375846
854033
88253
94487
828960
89559
732631
110908
230583
756231
15101
388580
221627
627310
850711
129137
571082
325931
96327
613515
451103
450011
852158
714236
852158
822622
250568
381631
556295
260592
641567
562989
65474
726167
446243
375846
809038
195344
271145
117718
409039
94487
291476
969131
980334
621430
245693
969131
177700
410838
798364
397226
816876
46451
250568
395970
756491
426765
398499
766408
386451
686389
367953
955683
985916
517005
687840
451103
949971
110908
104105
852851
69888
544743
580418
109616
245693
636182
728493
135656
129137
864182
498446
955683
523006
99480
892219
921411
3111
28270
230583
896304
730202
977853
351531
756491
716655
600847
547974
523006
680181
94487
367953
521934
211794
556295
331471
831774
523006
964411
346717
985916
726260
612667
46451
178601
903802
65474
592155
148577
573380
423166
230863
879205
650489
268624
593154
675361
48903
969035
144326
636182
221896
328200
903553
770056
333612
1186
687840
955134
85742
388580
491065
51354
265597
375846
28270
839852
322386
269613
110908
285671
124063
325931
636182
245693
404488
726167
87323
268777
230583
618720
88253
852158
2558
778112
172352
367953
434482
726167
714236
544743
955683
726465
89559
531357
282853
641567
502409
868145
852851
223233
885099
29274
129517
723764
136738
93664
952697
333612
75984
446243
104105
654985
873468
695676
33836
175762
954735
766408
140016
96327
613515
886034
488674
148577
204968
523006
451103
604273
137129
778112
189034
580418
358285
710280
544743
921411
387793
955683
285920
260592
873084
708984
892219
524781
345794
129137
531023
723987
181850
970537
135656
993570
52085
665010
168208
610355
892219
873084
687840
211552
88253
942269
503899
619221
861543
239208
457925
233991
135656
436851
728493
198911
772637
624113
326706
867958
611885
339706
627310
87696
423166
331471
124063
429459
963584
908596
387732
329445
892775
426765
726167
211398
168554
562341
580884
96327
28270
133297
798364
793241
732550
269849
11195
114285
799910
556295
682891
852851
666991
847708
726167
520800
54994
879205
135656
924762
375595
918236
282874
696136
523288
843725
955683
395970
3111
621430
756491
268777
717557
633476
149064
4779
388580
64295
3111
828960
129137
129137
594969
562989
28270
291476
164984
950671
98505
553332
415973
728493
144749
375846
45792
14423
878761
430211
284717
544963
74249
375846
562989
129137
687840
662976
439915
142291
769142
269995
398499
728493
556368
163388
145206
196177
556370
367953
520800
203598
768066
588321
221627
245693
352027
219045
775748
110908
756491
674360
92126
423166
87272
726167
885099
839852
942625
714236
475879
974390
72152
498446
742674
250134
852158
873084
378453
892219
660667
893250
157926
462255
280702
409039
728493
815078
4627
451103
436851
436851
580418
65474
110208
398499
106899
798364
849163
715770
41163
749734
116624
726391
146848
43168
65474
377563
957585
734952
117603
728493
185302
673993
769841
235619
316730
995251
325931
70843
302404
636182
89559
765724
798364
94487
423166
839852
388580
453184
949971
921411
623550
262196
124063
279999
268777
781343
154837
793262
757360
519019
523006
219377
633621
56646
260258
287100
569838
728493
848699
296965
681647
325931
824685
683232
742023
801611
104767
397226
211794
839852
929719
256643
661355
433061
227570
873084
873084
615281
544743
281031
607618
335410
110908
169683
331471
117718
105389
961647
982225
77825
752353
5152
371070
455625
272008
485287
498446
374446
543525
768066
411996
683483
892219
398499
734342
50218
148577
245693
110208
932505
196617
180250
64528
465990
325631
585332
99480
969131
583998
879205
224790
287487
710280
211794
728493
110208
562989
3111
331471
960331
965084
728493
110908
347763
623220
756942
710099
524059
270040
290201
333612
613515
585332
172899
106899
698748
234891
787123
427824
331471
89559
168554
920121
60154
60154
148577
109616
187544
392094
110908
135373
571082
291476
451103
839852
854033
331471
168554
624583
148577
951988
158580
375846
255025
854161
710044
613515
778112
827383
746069
817304
397226
406797
109616
250568
686155
781343
148577
697889
833613
969131
858485
165044
511868
556295
714236
398283
684262
725010
395970
436851
310024
520800
528136
728570
794089
337185
839852
388580
766408
952820
638707
765100
46451
96327
280685
778457
817304
148577
104105
710280
798364
148377
513454
544130
756491
651598
911772
899272
3111
151136
854033
367953
489261
148577
947525
392780
663465
104105
556295
395970
834131
556295
325931
518319
970887
817304
523006
686389
520800
601762
60154
789319
10632
398499
204762
61416
852158
43256
654985
216809
852158
375964
663465
124063
36619
938625
379862
520800
766408
913367
663465
707532
654985
822622
395970
919512
438607
250568
554408
613515
885099
865880
110908
438607
214585
99480
892219
193485
65474
426939
675361
3111
106899
728493
859977
245693
221627
756491
423166
211794
828960
274356
726167
332895
985916
51628
607388
850711
873084
834787
172352
834517
714236
432748
530417
106899
579807
684214
534834
159174
367138
579793
879205
388580
892219
172352
211794
828960
870779
523006
388580
514463
364064
446243
190995
167849
254910
135656
3581
524032
216145
992560
649801
574869
577288
333612
115596
663465
164158
873084
556295
15133
221627
636182
135656
808416
438607
260592
275095
95129
110208
952820
980919
214942
337165
65474
190321
756491
976894
245693
521721
868697
806919
14423
768066
685500
985916
436851
766408
41089
828960
562989
659807
932883
795199
552429
388580
96586
403982
937118
398499
106899
53798
291476
43505
564986
755242
952820
229166
839852
227353
710280
28270
921411
998655
556295
432075
129137
918961
409039
110908
556295
423166
321175
547748
872505
882139
273521
279613
585332
641567
260592
419576
663465
14423
210963
106899
580418
322233
135656
964808
873516
737197
713243
983022
841268
225000
89207
351089
212205
726525
221627
855359
768066
109616
244158
281370
891656
28270
754974
568637
94487
293396
882259
53975
55733
771030
544743
409442
556295
388467
89559
778112
521721
31798
778112
61926
124468
109616
798364
42197
332779
88253
880941
854033
486203
643342
641567
714236
85515
766408
973577
710280
322492
952820
627310
969131
177950
358497
903119
641567
700604
342879
517063
616774
494811
585332
756491
735352
339961
22626
569352
634233
365238
828633
867932
438607
523006
110208
386512
28270
565957
815460
818515
46451
486453
457579
571082
104105
438607
589643
438607
426765
135656
287070
921411
865629
383144
46451
562989
763918
947708
310333
803480
955683
798364
168554
654985
756491
627310
28270
194541
230863
55797
443572
187952
104105
778112
748187
529985
955683
135993
360301
302145
708473
388580
620614
641567
609229
411859
817304
558140
933700
182558
82221
244653
489261
89559
348916
908642
314496
949971
3111
346995
122133
291476
524759
510704
469823
959086
957082
135656
778112
375846
89559
558061
268777
771695
148577
245693
661565
177163
530036
432290
198434
721128
447195
641567
389136
269293
675361
918608
60154
160126
839396
544743
367953
89559
70148
854033
409609
375846
96327
775244
267767
311318
654089
618720
778112
797766
627310
937
148577
931201
99480
952820
805561
714236
660456
630153
106899
409039
551399
423166
398499
168554
172352
523006
778400
28270
132485
465085
617670
249432
828960
517717
157603
367953
395598
817304
898707
892219
96327
3111
627310
433810
821945
124063
710280
966914
838427
690186
656201
663465
104105
223192
3111
333612
531092
409946
157395
585332
726167
690014
817304
951080
50997
520800
388580
828960
211794
639301
577722
230863
110908
88253
423166
850711
477784
109616
944496
852851
397226
391454
967659
431101
618720
5967
578441
129137
388580
580418
56668
46120
577784
573979
945987
952820
408789
880734
714236
544743
59812
675361
675361
655765
726167
687840
520800
839852
331471
96327
873084
446243
807173
472055
341449
5152
873084
510926
238471
987090
641321
892219
904736
423166
949971
825543
854033
472423
567563
973233
409039
451081
457637
322523
789719
411325
740721
709297
314749
765137
338779
110208
11612
489261
890295
436851
446243
297996
839852
822622
828960
362205
886442
173207
522833
873084
776119
990589
523006
268777
957362
260592
556295
955683
314003
767413
778112
268777
49489
880568
596218
94487
636182
593662
426765
585332
5152
542987
201780
942431
645800
580418
892219
603439
602194
106899
502260
985916
610487
585332
46451
378995
159571
955683
153009
667185
46451
778112
60154
109616
804108
585332
27248
544743
446243
817304
675685
106899
613515
885099
854573
756491
560960
18209
426544
56092
423166
129137
674565
257620
697334
230109
513983
768066
781343
996448
80928
330140
876156
436167
230863
945938
860343
388580
576047
46451
380622
839852
398499
852851
801779
811209
877715
441507
126449
104105
125400
955683
439315
761700
94880
110208
258613
363041
397226
756491
399326
65474
221627
717135
398642
972987
521721
44629
5152
16440
3111
850711
544226
768066
135656
766408
271628
60154
251545
339208
65474
745729
618720
489261
452301
677941
426765
716015
819036
423166
109616
132610
427055
423166
621430
566263
89559
102003
756491
585332
565784
985916
423769
400252
248546
627310
636182
789413
9391
562989
585332
89559
879205
260592
123638
89559
346356
14423
438607
728493
89559
104105
636182
397226
381009
427324
624900
523010
687840
641567
793602
556295
250568
96327
702378
386209
728493
96327
407188
617105
423166
942761
305433
260592
398499
561137
168554
544743
774577
974824
388580
280221
955683
582842
93676
756491
94487
879205
580418
375846
726167
234615
266130
584745
580418
168554
77876
65474
137052
878630
571082
627310
178084
728493
117718
817431
828960
78074
20672
446243
562989
997874
524334
266855
342461
92269
593174
409039
675361
49976
89559
395970
654266
768066
4769
541876
971157
89559
455780
327265
260592
245693
110908
423166
641567
621430
710280
60360
163450
104105
99480
726167
436851
657052
728493
446243
779311
952820
465896
580418
170990
613515
613515
155822
398499
498446
903321
127683
891501
221627
147712
710826
110208
852851
781343
230863
310208
189031
985012
421090
375846
781343
272333
968588
892219
879205
852851
553693
885099
461216
828960
974218
873084
230863
69898
168554
697062
773922
333612
104105
498791
710280
976749
857473
891304
5152
778112
521924
367953
574115
104105
651971
986809
822622
905125
221627
926298
308607
101817
829901
395970
372520
852158
124063
5152
238504
985916
822622
248533
613515
586903
674850
991316
375846
714236
580418
357313
271350
211794
398499
768066
28270
921411
512405
89559
728493
985916
508006
183520
148685
852158
828960
28270
631107
398499
778112
854033
556295
641567
998154
438607
841786
93198
129137
331471
28270
544743
892219
3111
314864
839852
854033
621430
416801
230863
268777
253498
687840
423166
523006
221627
714236
375846
721038
124063
398499
546199
532271
439971
316366
388580
874418
245693
221627
996081
124063
505972
178586
808700
67098
240853
191100
682064
839852
447071
601809
325931
212897
140154
608371
393778
22454
571082
438607
426765
828651
562989
67868
523006
14423
168554
554687
333612
270890
28270
321455
862466
525021
260592
949266
61116
109616
124063
954227
892219
135656
106899
543829
572154
613515
917833
426765
498168
827867
409039
852851
230583
969131
489085
5152
485287
133973
527005
828960
635498
388580
325931
766408
521721
320660
135656
789719
206822
852158
580418
423166
333612
157995
544743
638967
73121
172352
250568
822622
996670
182345
186015
854033
221627
357330
126529
854033
135656
195302
94487
246460
397226
654985
230863
61576
797942
223368
556295
710613
110208
168554
5152
498446
636182
481821
46451
260592
485287
880788
37929
307598
398499
67341
539399
333612
633770
455455
873084
148577
149622
585332
291476
583169
544743
230863
993097
372477
140454
361834
232375
132445
172352
701178
516128
854033
521721
885099
30313
613756
489261
172352
122027
92305
573553
527918
865925
710280
521721
627310
949971
822622
726167
892219
596561
8976
101787
215789
299606
243328
339699
725078
291476
124063
291476
531590
828960
486956
424005
127516
183121
766408
873084
230583
475850
766408
686389
873084
362699
603338
14423
99480
603876
667694
395970
674980
798364
840954
250568
675361
985916
61552
954678
21399
230863
852867
879205
520800
967743
670447
714236
817304
580418
387122
822622
618475
230863
230583
521721
949971
730340
107913
714236
24949
585332
498446
250568
559198
918809
726167
473963
86079
96458
446243
955683
122505
128877
205599
710280
42680
955683
866566
245693
368361
46009
884977
495570
687840
571082
438607
28270
866656
520800
409039
438607
281263
663465
985916
89559
124063
230583
291476
397226
5152
969131
326256
156254
546272
944032
148577
89559
624756
779873
828960
388580
188959
726167
738201
28548
686389
523006
881633
768066
181430
115029
572066
168496
205430
562989
245410
675361
286407
284886
885099
250568
970287
230583
99480
800713
755498
308253
28270
617839
344165
218308
625689
367953
397839
136708
336794
485287
398499
690504
148577
956105
822622
188545
749504
94487
663458
627736
426765
135656
248356
168554
109616
644236
176777
675361
129137
397226
716606
740436
499740
728453
806037
281763
850711
997939
423171
502975
984515
756491
397226
811601
822622
605034
487124
211794
726167
980818
79402
145436
40428
562989
312342
772450
714236
433522
250568
507208
778112
658768
221627
367953
586400
687840
7791
261421
710280
850711
436851
402555
426765
687840
822622
235467
306403
863542
277503
438607
426765
636182
828536
106899
850711
580418
114585
955642
14423
15536
618720
124945
776887
19204
879205
580418
659025
365349
402568
226748
894856
573523
410047
59911
828960
128618
817521
768066
504969
875224
633881
428088
953670
65474
648782
686389
260959
764457
366244
756491
211794
398499
300987
230583
788467
164102
675361
6538
964118
654985
221627
562183
687840
521721
585332
434145
413972
786825
969131
167229
536373
172449
636994
28270
856586
687840
333612
20344
5152
395970
756491
65474
436851
839852
497805
774151
106899
674228
929761
529394
971307
624152
124063
172491
955683
264008
8667
975873
73820
495847
117718
934171
92425
375846
778112
605995
28270
376989
248189
754684
636182
148577
834322
245693
778112
794239
568382
521721
46451
835861
580418
25646
331471
695228
924629
27640
5152
357474
179074
801435
876395
277493
675361
687840
910697
621430
911310
544743
291451
291476
462273
436851
665344
307478
447727
446243
299942
293794
618720
498446
99480
104105
677622
571082
433373
726167
986377
3111
955683
41438
821920
632984
991135
944629
850095
571918
260592
712838
949971
486661
60154
266506
60154
969131
72569
521721
398499
852077
901981
581556
601299
902841
781343
686389
571082
446243
949971
636182
226015
237958
302947
433906
714909
243483
687058
325931
154006
126596
636157
654985
167728
397226
178706
426765
119666
384001
846178
88253
209212
230690
236882
213618
395970
567379
700841
89559
585332
687840
627310
714236
965419
686389
291476
613515
321673
148288
921411
623763
130166
524185
109616
726167
423166
723455
619879
291476
132078
635730
268777
320948
138594
687840
743479
580418
104105
885099
213498
618720
331471
722510
816486
734395
847958
885135
255734
260592
510613
278229
885099
646504
45542
615871
201132
533279
879205
993247
72589
129137
952820
168554
686389
887065
260592
357438
839852
714236
602376
114464
817531
65474
333612
198504
641567
25574
5152
921749
767835
994514
188252
49293
446243
291476
314295
65474
643433
192387
193134
687840
187890
959203
675361
761440
316527
444156
124063
879205
485287
520800
520800
51633
562989
172352
429176
41387
423166
772870
94487
556295
589548
333612
33320
498446
654985
908199
663465
28270
432983
417590
675361
636182
663465
766408
67317
815357
854033
618720
96536
142356
230863
447312
738892
726167
93010
384246
430961
597048
350560
611577
580418
636489
723048
96327
708626
850711
423166
129137
636969
476678
3111
285399
613515
823520
245693
501632
367953
106899
675361
732765
852158
260592
188659
171352
544743
850711
373655
596037
65606
630281
473061
695964
148577
687840
544743
124063
839852
941327
420729
192663
106093
228412
845128
214845
28270
172352
675361
852158
397226
667873
106899
168554
627310
249508
414599
398499
426765
46451
728493
110208
654985
363612
3111
375846
409039
969131
3111
106899
382867
873084
828960
423166
89559
521721
280002
174187
728493
793680
436851
454627
798364
934751
472929
976445
885099
879205
226200
523006
99480
663465
781343
748806
28480
551623
245693
221783
795119
853998
781343
20752
5152
11348
685112
329555
852851
556295
554883
260592
96327
813985
817304
398499
22098
380552
546326
952820
492779
533449
129137
367953
291476
27630
168094
726167
498446
398499
727844
455582
687840
129137
28270
520941
873651
683108
331471
398499
31399
423166
303783
822622
324063
401586
970518
235918
558971
88253
438607
416733
5152
613515
172352
556295
148577
10879
919506
254688
675361
798364
300049
135656
333612
148577
327617
573473
798364
110908
23304
148577
850971
714236
727893
225542
260592
885099
89559
638859
621430
952820
423166
854317
627310
980961
331471
484089
60154
683942
575147
761131
834144
132899
580418
726167
293980
370877
117718
80323
434554
291476
96327
545837
710280
208123
287515
268777
106298
948799
267696
290765
106899
485287
789260
432503
847686
485287
230863
544743
363087
46451
654985
663465
250568
426765
67524
766408
59926
46451
686389
925938
811168
952820
850711
325931
723943
409039
65474
694723
177736
475130
304425
854033
177325
907501
484317
473552
300946
675361
768066
861640
857327
577911
89559
126519
221832
358021
675473
636182
323613
627310
822622
463796
12049
575639
172352
529100
132809
341831
888076
621430
57902
668237
654985
969131
955683
259099
489261
734951
333612
766408
544743
551933
864506
446243
104105
16699
778112
94487
44573
621430
230863
46451
99480
995675
663465
585332
108094
930000
985916
291476
88253
110908
211794
211794
873084
46451
110683
686389
333612
886449
767534
141798
291062
369629
892219
825990
636182
268777
233429
395970
5152
627310
726167
434898
423852
861250
676021
104105
461908
798364
686389
5152
796492
569142
109616
955683
320481
135646
612230
230863
649137
110908
395970
766408
562989
429274
802461
291476
5152
89559
464915
104105
14423
580418
728493
230122
896570
436851
880680
388580
501079
388580
571082
562989
222036
16808
333612
297311
985916
190394
417201
109616
527015
713330
497187
89559
768066
913847
230583
388580
5152
344606
892219
104105
760425
520800
965465
46451
586932
506189
792784
459736
486737
305821
103247
285168
726167
144310
238589
80058
691013
117718
367953
228807
423166
65474
375271
447872
211794
580418
482305
602504
523006
952820
744646
413570
340966
932582
14423
444203
398499
925662
277612
754478
846343
922445
585332
508275
122406
69495
168324
381314
559939
172352
977220
529574
567761
621430
170632
520800
793391
71493
395970
446243
756491
714236
511318
94487
949971
768214
129137
921411
798364
768066
630761
83052
159002
367953
996841
613515
845371
403875
688721
221627
598215
868479
225898
521721
422521
395970
28270
28270
958369
892219
986395
702491
663465
436851
398499
787198
33030
110908
398499
969131
955683
913356
770061
230583
751778
135656
37359
363928
472342
600382
172352
949971
993196
723912
291476
153801
867190
689877
109616
127825
578641
873084
129137
787066
951649
433573
556295
348119
148577
39081
877649
613515
988894
211794
38135
358987
958917
618720
430506
106988
921411
817304
657403
807433
487079
319003
798364
60154
641421
230863
695536
220963
654985
291476
159459
250568
570169
246996
607592
650092
629974
182492
636182
822622
681241
168554
65474
186196
498446
65937
46451
508545
766408
3456
489532
460371
627310
446243
585332
927707
438607
288612
520800
333612
646773
960533
962547
260592
294259
363303
123269
277640
403159
621430
500601
817304
952820
418822
983071
110908
333612
328766
966165
109616
388580
451103
627310
616725
544743
651952
291476
677845
110908
562989
46451
230583
325931
488498
274240
87466
221627
618720
129537
725344
852851
523006
63605
469438
441710
485144
91658
28270
423166
817304
974956
220805
211794
186144
129137
60154
255720
613515
325931
873084
458448
443892
436851
105720
498446
464943
236168
520800
920848
562989
95910
798364
46451
778112
550050
109616
768066
885099
135656
714236
60339
732349
135656
65474
850711
952820
714236
239272
258978
275933
14423
89559
794051
852851
933442
752117
680274
778112
250568
562989
420465
986717
503514
134698
325391
520800
955683
521376
451103
969131
520800
446892
109616
489261
25856
263169
885099
885099
172560
81302
844532
245693
571787
454865
618720
641567
485287
960243
728493
104105
390638
512764
542418
409039
873902
830370
15774
28270
665248
699370
122336
168554
141073
571082
394962
446243
348548
365150
14423
388580
621430
520800
777188
168554
230863
850296
580418
661566
921411
823438
734617
680700
88253
765856
46451
211363
168554
168554
822622
355869
728493
438607
641273
142218
395970
340845
205435
444731
621430
852851
654985
119465
819330
618773
148577
659886
898375
124063
439520
211794
502293
663465
10549
109901
333612
161324
485287
164178
325931
952820
889755
641567
782718
921411
523006
549756
179394
711934
468517
436851
485287
839852
611892
262312
245693
148577
47170
710280
850711
581299
710280
766408
451103
498446
140191
168092
99480
843623
408297
333612
174900
710280
851170
146243
787916
120239
172352
429596
798364
521721
850711
296545
607789
523006
426998
124063
14423
423885
260592
221627
485287
945629
654985
852851
832902
728493
61172
618720
689277
106905
434572
509188
372745
110891
663465
536278
173970
55946
641567
489261
764165
897529
782891
426765
311711
862014
325931
210738
243481
876479
598522
798364
958103
621430
65474
211794
521721
807007
498446
777785
250568
145561
333612
990465
523006
250568
580418
852851
663465
124063
641567
145310
233386
96327
580418
949971
297792
230583
995881
952820
221627
230583
89559
123203
3111
375846
388580
88253
709392
710280
367953
580418
854033
825421
106899
129137
839852
687840
206974
520800
544743
787415
14423
634712
110908
512874
822622
914844
65474
124063
184354
775092
810586
852839
989371
578466
138236
409039
395970
9778
289168
291476
194234
46451
498446
217945
245693
768066
160479
2895
286699
776079
381561
512660
702483
317727
544743
395970
996853
710280
32162
686389
741685
346044
961706
416941
231177
655875
586163
998488
621430
446243
520800
562989
915193
828917
407294
498446
698638
768066
613515
850711
514887
21260
65474
498446
88253
949971
641567
894571
699687
913797
46320
892219
778112
110908
148577
106899
728493
892219
585332
564036
60592
902361
65220
863865
65681
250568
628698
375846
560881
613515
202600
879205
968415
7105
571082
41183
112656
538855
324642
381037
451103
927833
340995
240693
146846
375846
288409
674688
705842
99480
676391
99480
319197
99480
985916
117718
912789
89559
3110
230787
594399
55035
580418
580418
88288
436851
874287
129137
579919
465135
359775
94487
901944
260592
958508
89922
768066
187918
230863
636182
249327
921411
596579
714236
710280
65474
654985
109616
964828
9180
71769
958062
892219
78665
564475
245693
571082
854033
852851
366719
828960
388580
17989
397226
966601
741116
261877
614775
96327
94487
446243
699012
910340
211794
14404
917910
93794
158762
663465
921411
104105
489261
37258
615074
235995
561967
854033
435238
669998
29344
484293
65474
285538
687840
211341
985916
513563
151046
211794
64466
506599
345390
249700
167531
509824
532575
460663
627310
129137
46451
402540
102700
398499
56888
31348
221627
89559
413435
647435
556295
873084
117718
932039
240825
343920
852158
654985
5152
559358
555758
394999
743470
223568
430013
367953
221627
686389
683591
3111
765659
685905
364264
754281
65474
686389
710280
955683
939230
105130
395970
46451
786796
268777
641567
100737
485287
561836
768066
340329
642589
110208
94487
489261
106899
22132
312815
879205
117718
655453
585332
244859
636182
521080
873084
663465
388580
773422
490631
446243
714236
569812
99480
529071
546308
714928
823492
951138
892219
221627
135656
906176
831965
580418
580418
892219
729007
725117
117718
106899
476048
450963
687840
878508
331471
168554
148577
635641
12555
211794
686389
409039
40295
375846
352674
627310
914516
60154
117718
850711
680022
250568
892580
675361
494047
722494
633891
242658
756491
367953
932975
627310
99480
985916
885099
663465
818643
918733
489261
242799
544743
379233
954512
499729
798364
439453
885099
854033
355929
260592
200481
88253
775075
341556
949971
65474
3111
395970
172352
972207
627310
726167
475944
81359
124063
852851
798364
520800
723257
852851
230714
370710
749358
110208
697601
395470
89559
19168
766408
5152
386419
481675
129858
466163
75245
3111
318123
817304
268777
291476
63415
556295
5974
148577
721178
402479
110208
311657
828818
395970
244912
451103
212012
106899
203197
172352
743651
984087
885160
450653
757102
117718
24924
28270
830155
5320
15883
681834
3111
678455
958615
483272
412102
637452
538106
449711
595732
520751
953729
726167
110208
172352
560492
783369
89559
424527
275201
90249
142891
726702
191431
152810
636182
461400
395970
99480
809314
562989
395970
199222
485287
369167
309358
984891
836684
745871
65474
726167
436851
199731
331471
221627
33981
607024
326894
825074
627310
476366
790754
291476
3111
987011
850415
631670
172352
96015
129137
795324
670928
969131
498446
229985
375846
885099
526489
229163
148577
610045
240192
14423
611942
710280
521721
949944
663465
590778
172937
310390
822622
756491
753234
621568
816031
255559
532326
245693
5152
260592
778112
331471
621430
766408
745125
838589
268777
852851
579778
390929
921956
999171
493402
521721
691826
225722
632570
573685
778112
74845
88253
726167
134586
507055
398499
955683
122491
701831
109616
268777
982566
664692
498446
250568
564645
665176
913642
145949
756491
11625
714236
501739
260592
423166
446243
