25349
60402
66591
74044
60425
7560
14327
52034
70388
95793
66590
77284
28722
60999
21385
95281
33125
17648
15469
47200
78524
43249
54943
26948
4534
86674
54704
46480
50919
20969
32866
87188
24442
51462
60245
88944
83425
73510
43992
28379
12043
17907
48074
70869
27877
60232
15777
39822
69434
61577
26078
54607
6992
50421
39644
40929
19978
45931
77740
90913
67688
76697
7056
26061
65344
22164
36048
67432
95167
97646
45138
14402
66462
40826
13378
20342
92264
92187
56698
71250
80634
50168
75899
9734
83794
69847
77353
35726
46151
40502
16603
118
62195
19011
62578
48756
80824
69066
24283
58829
91504
48083
49717
37464
55225
35282
69878
26168
92239
78545
1678
9005
86271
45988
5007
57879
22126
77928
32348
42501
31599
86671
26018
10285
96963
78606
90554
89559
12271
44467
27440
36931
19433
73988
7851
71026
216
21175
39175
59093
92509
12808
69389
92437
65821
40324
24636
34227
36200
11446
44452
58309
67465
14276
95903
21831
5364
20099
74916
45166
67700
17574
65218
34094
56779
40108
65922
61347
44974
5091
52958
80615
84795
74714
42598
68601
97933
98759
77701
15496
82555
31015
91381
30229
31963
84763
29336
81825
72669
86563
41533
6081
16886
75213
1393
72559
48367
97064
75821
4983
51508
90083
10672
10608
71089
59035
81130
42453
67795
67446
75242
34324
46310
45872
47119
55436
34533
51755
60305
8268
44057
76698
26122
89482
5601
60807
32743
29623
23707
65168
78961
96139
19405
63453
19996
11631
63767
98863
74149
62747
61277
93111
15720
48545
32263
2591
57350
41080
1198
14639
1006
91455
58548
72682
71916
32063
95387
19889
29946
44235
85099
81832
94197
20908
42257
18194
33490
74410
73595
74193
99420
87091
32947
38166
40349
12504
1141
39281
2311
91969
10062
96274
31300
24121
65633
95235
93472
47584
27169
9420
30511
97610
7888
58173
25631
21879
70322
22815
4325
45381
75295
43842
45003
55046
86010
80902
86752
65109
87062
25621
27588
80416
10356
90473
81502
65218
40814
80026
29155
93060
11436
95506
23999
83935
92856
51400
89952
42443
52742
17244
31870
63320
66117
27050
69609
42164
40066
66232
85423
25983
11937
65790
17859
20631
42008
74982
42657
76145
40788
2934
47958
94371
17222
10937
3529
27962
21934
98801
3247
21874
73142
79096
94817
69371
5139
71567
31099
70431
62879
47280
96103
33745
79850
96262
81079
71261
21393
40485
8495
85320
44526
92213
27358
96946
98662
56556
30585
32017
16231
69771
16218
33261
60318
43382
47158
52724
55494
49857
25862
94685
68162
83856
94594
27084
47926
62893
14479
39985
70828
51030
70759
27682
23061
24215
73691
8136
31017
8040
47469
74317
10299
55985
64229
5222
68570
36262
84479
42646
97823
31093
88853
62222
23042
81754
40393
80753
63882
38579
2459
48056
83278
84099
92937
82673
64451
3137
49475
48096
23593
10842
52200
64572
24240
48684
27792
2981
39775
8326
47512
79226
66112
31451
76232
73982
56239
9614
90363
23975
97089
66665
65257
41442
31058
66014
92467
89988
86632
63302
14152
17954
77410
90600
55111
63151
75454
16733
70806
63476
54307
55324
37568
22288
51855
55577
5976
66796
55374
21742
44719
18208
87355
45506
8547
56692
22000
87212
75754
28900
54187
72726
36
93441
45024
94236
11271
61739
59985
24382
56585
56466
87863
98897
26934
29284
7771
7149
3775
2331
8853
26964
54223
80024
71398
50083
8691
71632
72648
23965
59354
11544
26355
23144
61529
76173
57434
73621
26214
58713
14119
90880
37420
98237
17589
59986
40433
2342
67393
22672
39087
20908
51527
48205
53096
51358
58458
52035
5759
56182
71725
89185
55670
54634
92234
2589
99615
95235
49689
1236
30538
70786
24829
55199
36299
21111
11349
12514
39098
39278
86968
47636
89246
28651
12271
38614
2344
757
71066
8978
55055
496
81984
17978
48016
89732
9692
40221
13500
11099
605
72149
18910
58977
87608
31461
19985
96173
55438
92002
85013
19105
18735
92758
27814
35569
39556
27725
71547
51968
22791
6179
18849
15848
86141
34469
98577
48790
79226
97406
10624
78841
7616
14191
27203
48278
12002
78254
74019
54089
92124
59942
39958
95625
88623
57576
99560
730
92941
26484
14727
54328
7430
27771
16261
88550
73397
69602
46435
82949
65686
14642
54310
32868
38962
25273
2812
74306
38434
58400
99877
52946
53824
29657
33875
9596
27963
60109
41287
82541
41296
57740
39715
76005
38882
4896
38384
17955
93880
17161
59960
23579
97667
68230
49749
88311
93826
96540
19428
48662
48735
5142
66516
20286
62850
24280
40499
62130
27104
95236
84462
92051
67483
3628
76719
54291
86118
53178
28898
39745
25582
17286
28115
91470
37647
78963
18964
64669
45417
39691
23269
90909
51686
48725
73361
31935
64978
53625
62462
11448
16120
15997
19211
91420
22322
16919
22001
35899
38569
60316
48602
57220
43593
87895
74243
55039
9608
79334
38511
91358
39280
18941
36792
47835
49645
48442
59220
32896
6431
25941
5356
57882
66833
68528
44562
74500
30543
55226
55533
95613
33130
44054
94870
10678
58275
75350
99646
61419
87229
60915
54704
69610
81716
88953
27775
27636
46617
63869
82992
26621
17749
8571
34249
63904
63300
80459
78094
55881
27255
11223
98549
19747
55287
93927
78091
76654
23803
94401
69800
13404
68933
91575
34887
61426
83088
41923
66209
45935
30530
15747
83084
6854
66991
31320
38922
71070
35684
88860
5003
2671
93778
30214
58995
12982
36658
86695
45952
13565
73979
23660
16856
85371
87371
97351
98179
96025
54843
90772
82943
46591
41390
35381
11306
10063
40705
76070
55257
21774
98301
60608
80141
88150
86878
34551
60262
3399
81136
14982
13264
80683
13164
3148
70861
81610
98885
69956
43339
98561
54202
66267
73332
36702
35392
49653
66692
11150
62408
18038
9070
38231
32265
21697
99897
39990
26386
16424
77873
75710
99363
71576
37562
74153
29843
26902
59353
79195
18449
32342
64
32765
81871
34835
72562
34296
90248
22497
12769
82452
88946
58604
72333
96109
6493
48181
83764
65927
57432
48830
34298
56681
65733
86100
43566
55524
65879
838
10192
16980
63339
17969
66946
71906
69441
99594
22895
91952
42437
55072
93184
80505
11067
21360
92379
32838
41844
83842
90471
4979
94426
52206
1026
29600
27881
51381
69831
68323
22312
82766
95732
95788
88286
12211
8913
19663
11226
56615
58370
10459
51707
1588
95330
98310
31944
84492
2444
54634
40313
52248
93750
14631
99624
73682
98479
33412
422
333
36766
90819
33709
31311
47803
49458
55478
41086
44563
43488
46376
89544
38866
84282
2502
87580
4663
17228
1911
17902
32875
75302
79877
63031
47608
50633
49133
49744
73009
60253
46595
51648
53168
75892
28247
48708
93799
91852
18191
33296
88602
5918
18847
64098
35903
98071
59704
35336
73715
85405
47710
94256
60147
60138
655
66459
27099
13087
54378
33125
39415
33815
44237
21662
50678
1874
63844
88219
69453
99731
83043
67686
79293
77474
57181
74774
53278
97426
7343
7791
63114
96727
95464
34132
44924
11852
82572
77076
68971
93311
424
64764
99436
30211
48782
63603
2194
47460
84888
66920
53314
65392
70468
30238
92197
84639
57413
97599
53918
3357
49990
7494
25182
60702
44833
78139
90668
34319
14041
70512
2040
61014
45240
88039
8857
29243
481
63862
55403
13728
28425
13572
98213
32606
59047
52373
71656
7093
17830
59486
14088
7463
54733
96229
53943
90984
21635
97536
61626
83406
24511
44244
38800
32496
38432
6098
47544
27683
22398
30422
13486
68250
30901
21229
42897
22382
86407
329
8724
1815
92844
16505
75088
42152
52069
28225
40361
80136
57880
2092
31221
93566
70717
12317
63208
43306
81824
26414
86532
67412
54223
29398
92959
3469
33955
62424
82455
89499
27804
18509
81844
93167
42450
96959
92679
47826
47860
53769
78237
2690
6297
65036
53996
20128
5343
19919
97787
21596
69295
52585
84996
99763
69761
45209
37853
57142
7070
18442
45375
48883
88046
34285
19697
88790
8204
48271
6451
12140
44009
56991
57004
8807
1333
70955
23036
39008
4105
60729
16053
85857
21611
74514
70537
51960
63119
94338
4025
35788
65312
45745
93095
15696
35413
95905
95045
52172
30519
42471
4012
92339
6499
76838
45557
5093
13961
33717
29211
94799
64121
29543
51674
89309
18398
68334
14880
29018
88620
14613
84408
14326
31671
24218
92329
40631
97823
53560
74843
80777
53922
62104
40557
46043
22983
92575
96916
61
58444
50542
43643
76451
9180
49596
2783
67153
89548
98380
27019
18937
49368
50495
31131
13186
44762
39956
31291
51667
45347
51313
8123
23596
59993
87979
63595
78806
18540
47355
96838
11146
89406
36740
82956
64318
53398
90708
25696
60146
49037
61597
60093
44203
75428
6790
2132
48475
37915
62841
46375
54838
27258
58117
29178
84354
47336
4139
6467
98646
17939
68717
56041
23706
13496
4618
40244
96627
46805
74342
53980
62153
96391
41298
15372
97639
54011
4732
99718
46779
70726
75121
49300
50252
90416
7684
52222
64546
72328
10020
42106
61600
87327
96015
96899
35267
6533
94775
39259
56880
85999
77776
88273
41717
86265
95960
44984
65199
38141
74292
99460
51215
32514
96639
28853
56784
34670
72150
92655
79724
82087
72581
96011
30395
73686
44955
4085
85092
4057
85272
54083
9907
40182
21548
94100
47210
65430
66762
14532
6625
96673
31811
97330
27652
7562
23107
31658
84279
89832
2341
57054
1891
8069
47407
98690
7999
48576
39082
38875
88858
34426
32851
91460
81821
26047
59441
23062
98102
71262
12886
22232
93585
61755
8404
85019
11415
10406
72882
15647
46348
82090
17281
25120
29177
91608
61774
45857
22366
5632
36818
38194
46171
78066
89548
730
18955
21414
68236
61940
71707
50313
65642
63693
21112
84476
12825
28288
88892
44884
30927
1998
31310
66022
88537
35801
16378
56177
56341
17328
61866
1263
32161
724
3348
24303
8108
6684
99331
52512
71016
10879
5663
89764
29427
94967
31971
19027
6271
2757
94006
95690
47939
19199
86894
67067
14184
98856
17986
2168
51415
66062
83605
1399
94101
88230
46592
1071
21539
71839
10525
12
78712
97098
5332
14684
50147
96072
35224
12668
78199
57188
14075
78247
34652
1267
38012
14585
94983
89204
89041
95399
19375
37905
77275
60619
80288
8001
3620
37013
39764
55297
26355
21495
8866
92394
11361
68381
4510
48860
13811
56506
33504
32637
41215
39875
5240
38155
769
7175
97154
19782
16063
19881
74812
35969
80812
34622
18711
40950
82013
86791
64504
12421
16666
15363
17373
95874
85685
71890
54015
94840
33562
64923
65257
28016
89418
48707
67959
34436
60613
26693
53837
88044
44420
56731
85971
40503
55105
78743
70058
91693
59939
5735
70467
8978
90091
11212
58263
23231
39054
6598
6195
49734
31913
38325
946
75239
7404
61982
41693
22781
770
98484
17120
7420
89924
97789
37730
73046
47518
22693
72790
4873
25422
67696
59841
46737
40706
39924
69865
10522
55610
31888
6483
64815
67742
30761
25807
8501
33891
12188
59127
13315
31392
70783
44250
39931
76586
57718
50069
65012
97220
20096
19134
64539
36130
29758
38402
57450
13757
67795
69401
62305
93353
81958
30820
16549
50164
23907
3213
4763
34169
84854
31214
97728
37012
50382
34388
29211
51593
43881
30356
43600
18264
40587
52103
33175
61361
45791
70479
20755
61238
97400
29615
73142
21538
63051
99393
7707
64394
40362
80351
81431
9055
8726
77039
79430
93595
44615
47808
29670
54813
43374
31953
6869
99562
41147
58116
66502
72331
91300
3215
24718
18478
14972
67951
84105
78534
41900
23503
23779
99674
90106
68214
89911
18761
2956
21822
11428
84581
45782
95974
62111
91960
29345
83238
46410
9801
14276
22819
43065
68208
78696
90028
26369
30113
49549
46897
65217
6088
29778
61027
21325
19702
19704
9145
64188
58634
23983
52993
48392
74552
84249
48583
12693
37410
27163
15396
83778
37541
44342
43394
81437
76025
60334
52234
45063
69829
4620
42477
54352
63957
63086
47576
53452
53652
57834
91838
49278
3246
11107
12250
19153
54080
77436
85793
23078
76990
13609
68376
45895
27464
39376
35337
64719
62595
68546
65563
23448
1956
30791
99037
77461
20316
78206
68960
86562
47450
55922
40526
21533
62867
79342
55668
22656
81167
57425
85485
69815
96605
68457
85301
58401
75992
41627
3236
41606
49965
5805
70039
27684
43111
38878
96778
57024
67444
88069
9368
11038
47148
82938
9525
2455
58260
77623
92652
96086
53740
90873
95769
43364
73189
53102
28596
28533
5822
41297
15864
90465
66873
78255
98041
5512
14269
35447
46960
47082
77449
84847
76196
42939
77855
7517
51056
60685
56972
38955
12367
27127
78603
14931
62414
43506
18479
19799
64995
76335
23559
43938
57274
77225
3878
41193
8047
11140
11347
26659
35307
82328
85
92492
30490
7382
588
54018
60836
24001
13515
12789
37383
3814
917
94714
69771
81768
10639
59316
30617
81062
16380
51460
50811
42409
76853
64165
94272
51652
88848
47158
60676
29079
6320
84308
53746
52795
82683
75139
30531
63910
9757
87492
76019
11214
13348
8143
32772
39896
32021
46735
39068
52851
72389
56812
52204
57639
59570
83237
64356
65587
98283
92279
3390
68510
51987
64869
39279
35628
12581
17246
4516
92661
47763
6654
7635
48160
69194
10946
37019
70528
73742
94408
5031
63349
226
57767
57282
15657
66503
58701
16558
44071
80731
68611
35269
99842
73247
25451
95281
70980
33373
32781
40284
10804
26049
48329
60186
37436
68821
16873
19847
52703
80977
43114
76229
53579
30934
88287
86049
7896
65999
75030
74051
32443
31507
59843
75399
35910
95849
41684
91687
83449
87353
19243
70982
93226
61753
50348
23783
28317
86593
35682
47722
55900
68318
31939
9935
10137
23167
93433
1338
45413
17097
80727
89959
59022
50805
75219
65430
95244
54234
6984
52267
84801
53879
7453
87241
64167
94369
3558
93330
86460
78644
29769
63546
42641
56008
18010
68727
82804
48319
61527
1168
43386
3048
99853
26401
83287
61447
41304
34385
135
42879
68018
35642
34684
43096
75269
98275
59524
6740
34009
89937
71053
94238
16383
94548
48126
34624
64812
21942
62929
27492
3912
23943
94784
45353
98896
20064
41593
65406
33627
92401
24120
4705
57644
62401
26204
12354
14206
97760
87008
70145
84838
76974
71157
22477
48162
16487
96806
98273
84832
93524
78312
51729
55833
28205
46872
99586
98981
57128
71150
89081
14294
97977
85066
90408
53218
70536
54436
4707
68503
75332
43876
79131
19302
59420
6197
44431
30460
44525
56719
83892
86134
25661
71908
49984
29754
22421
77518
7844
68002
8207
60939
34348
47622
47468
30441
42945
92754
65116
93038
48919
18317
40670
59758
29139
84231
38566
68144
81875
40282
11288
89356
81141
84362
5972
16069
41530
87090
54231
45935
38774
81410
56448
45474
94890
74646
91907
22945
76279
69011
42889
41467
30380
36536
97755
64667
19299
63960
73670
26197
12364
59067
17599
78996
41409
96075
74253
64390
86905
50054
56122
61611
49348
2216
37714
17538
39653
94910
73803
12768
539
38517
6856
53252
18372
18767
19588
7185
37632
28763
35344
17581
33078
44586
30969
48106
54898
75295
51203
6572
22090
64454
94816
53435
21922
24650
92121
18048
47265
86595
21724
81596
60838
36428
4119
65201
63756
34449
99151
94389
54346
72457
92080
98807
93485
9622
63173
68419
44375
58646
98055
49525
81923
1733
66313
37918
60026
45751
45806
54384
56095
47569
19188
51622
36720
98636
20121
93688
81061
9835
17725
72267
57914
45983
84792
54777
97583
91600
7590
3123
35025
3798
19174
11327
6300
77137
34420
51161
64188
85991
38961
54161
69067
98198
95023
70395
30582
2196
65525
34197
88590
73234
53332
24628
43042
72765
9332
30431
25449
55758
26552
23429
70405
98805
27287
55138
570
24771
52029
57683
84147
33392
92803
49219
45533
70913
78008
45931
31752
59109
17679
84799
29434
10715
77187
20916
56999
92619
14339
52636
95725
6445
85002
16181
69762
10122
10356
35248
9478
43598
15735
89342
33935
16573
65698
36470
63689
11980
98763
70341
93890
82199
33711
91522
28375
1404
35673
68837
14376
14454
73960
14722
67171
43807
30785
37335
41449
99504
71341
90326
47875
26777
64184
48359
76092
92811
15320
66951
64957
82096
28565
46883
93074
69592
48794
57979
65548
86185
87043
13736
16576
73207
67151
14929
22444
23891
46269
98291
45747
62640
73644
54203
94761
93684
53121
64330
39056
56513
10263
45559
76417
61711
78386
38648
35477
61423
46840
49387
87180
37437
52061
42747
7863
71090
37047
37417
97228
4463
28982
85226
57627
20202
32094
70394
88221
35316
67655
76506
83789
51172
80141
4131
34105
14749
75941
9122
63906
67376
42088
40270
70407
30675
55690
882
87377
78487
5489
99870
83690
40198
98066
70858
16775
78488
58404
97882
22726
27432
55695
60950
5944
61661
94261
73065
10150
13171
79185
62947
47638
43004
9682
65802
83008
82184
1244
96376
44940
60347
56214
37478
30392
44566
64733
59576
5501
59217
47781
54938
17821
57354
20090
35014
28776
45938
58807
68992
83281
86085
37395
48905
85444
86179
35032
17808
43882
46232
42798
14316
23703
68973
10789
44892
29760
11096
53658
92863
51476
48346
81620
11338
76931
91052
96562
84017
20368
15070
75702
82696
41641
65451
15016
80590
6210
29269
79296
912
5375
32666
24590
95707
37229
66598
81171
29573
72753
86913
20053
30116
82187
43699
75985
48504
7498
40070
28233
17523
65780
73512
96290
78525
67470
91661
78852
70592
86653
51407
24115
66480
33524
15386
83383
63707
7574
47380
66860
78734
48371
37845
50673
80908
79814
39028
85191
49795
92499
14158
60967
68252
78271
12486
63816
30395
14609
1424
83991
47272
50175
58615
48799
11298
26725
19635
84051
77198
51406
59859
45009
63981
19879
40567
7842
51629
80440
98300
78679
39062
65444
10285
55836
94373
82003
93839
81788
56706
13307
37181
17739
80999
56229
48749
85215
23729
92019
32068
84157
68887
12344
94720
10283
26346
2619
35471
74974
92450
23272
12839
52962
70069
78793
44290
7392
2070
72746
43880
44421
85605
69759
7765
79732
44598
56251
64512
28729
93770
66303
4326
16208
47740
60646
96303
84510
55071
41960
31607
6583
13534
80076
75437
39982
61566
17223
4056
4336
63641
1793
19979
92685
11743
32816
83841
98706
58270
47155
25677
2657
50287
9434
84528
39706
92490
58027
64779
54514
22449
2755
7417
74244
37060
92313
47782
46924
98097
70537
27629
54408
69047
52459
35613
32910
61938
23043
73651
59790
91379
19711
68728
51777
26670
80762
635
23160
80211
66552
8037
20199
33364
27079
87096
98270
95668
52900
24438
84498
28152
26579
64938
11179
56622
73856
94124
53833
72357
25033
65135
94922
14179
97158
7814
97201
18192
36509
56323
61559
35085
26032
87741
20556
56896
92100
30746
39324
89190
83791
72628
85842
23416
90275
30999
29021
64996
24754
50248
76132
64704
27143
27876
37345
68570
99663
65460
58075
36512
88144
42105
40623
72966
77860
57145
36445
20304
48670
81925
51084
41760
92052
29315
87622
19527
85005
36891
95528
77588
94237
49837
50160
43422
16240
61761
59425
46935
39909
49954
56746
9129
15677
45677
92410
75297
67604
24255
23506
67189
96801
68928
27787
90968
5239
58279
44390
55763
10684
88311
19137
28325
97396
84732
28296
64266
81550
53487
72526
83939
26442
92756
67475
85234
37245
69641
73237
99350
69346
492
21046
57320
39711
27204
54714
8253
29254
26426
85818
45556
14635
25719
60736
40364
28260
10829
58698
35894
3713
78286
1267
38826
28831
80129
33318
49300
44040
62397
12637
64257
55546
81654
25024
46631
80199
79222
2779
55772
15200
84479
22008
3963
87638
75012
97326
88738
26475
97636
90488
18102
24900
99434
44741
77100
21900
5221
95605
16946
78464
10012
1266
98565
61970
23483
91822
43708
63356
96672
8238
59320
61513
9792
47492
45511
50872
47776
76359
96704
61854
22639
92290
74198
65709
88530
93164
37302
69228
58737
51234
11144
97837
20543
79751
20776
69218
16494
98915
97175
32019
597
93367
75760
62113
42179
23838
16190
37197
26203
40016
27797
31375
27071
62449
82093
77500
66875
80203
89264
50709
91379
42907
92875
18795
25829
5658
17957
17402
47573
55538
88492
23529
77734
51929
32880
58901
84486
1887
73539
42561
52954
46387
28650
1760
45656
64919
41410
78387
73897
11001
93358
70058
27862
72513
98009
8156
23094
33856
15435
47708
14002
81430
42782
84930
82651
85343
93970
86280
69486
30318
81037
58653
24409
36996
49642
20860
61192
45213
38144
41265
52407
80682
31630
14387
46881
91652
60898
30019
43490
15558
87300
9112
55376
34894
98022
45336
32998
20973
70458
4686
47379
2636
83301
11528
91887
99253
94460
14137
30951
88272
43776
20345
28679
77350
58171
85927
13216
63759
37149
52320
62794
39455
72316
4605
58842
69938
44890
77274
64031
34842
26332
78975
85181
43796
28849
38251
92877
15940
35249
50049
60789
74716
85897
39956
61778
11920
29267
3179
11172
26340
81774
53062
24921
16030
61166
75469
15489
48932
39807
10385
25306
63177
43125
5313
39562
46930
16143
95051
5025
32433
84496
59352
63847
64585
49760
84188
13263
1315
3012
16292
3767
151
6244
46447
41091
27712
40517
52724
269
28028
81690
38309
73400
39106
94329
27332
15893
88169
59893
21566
78012
57877
91207
1691
36995
23350
31395
71628
7777
62125
24059
81454
54055
20446
73816
59837
58959
83004
61643
65223
96537
33209
95977
5278
61802
17450
47529
77443
10486
71185
61273
74880
44154
60733
39029
49996
13462
89352
61938
67199
36758
89765
526
6684
28690
98122
76241
83374
56405
61416
29189
74506
34068
25089
96086
66692
55685
27024
4054
84243
35416
14278
87582
41821
47094
88848
26808
73293
99616
72811
33916
90916
96782
81483
25011
39390
79865
99970
5139
95116
13930
31158
28417
69134
18686
86290
19461
64182
51332
34186
22896
50448
3649
68790
43133
54192
29714
44685
56578
38871
46265
13637
77832
35891
47411
14008
17838
83162
92916
30731
40345
55790
28345
54740
63380
62657
54027
3508
34022
65814
26166
13633
47480
375
22435
28495
2186
19334
98066
73178
25235
60263
50676
11057
13850
59003
40590
12203
88313
92902
94170
5772
36264
91630
44364
96125
34841
27663
33984
54307
730
63206
5184
62499
4391
16314
9347
30279
84675
4858
80086
24039
49443
62139
8114
9332
23528
64586
80209
59194
19191
57836
52641
16218
16377
21524
3859
96365
69933
34199
39907
81641
88886
76311
24568
81227
64797
19373
28225
361
27372
79677
13211
79459
74374
24499
40474
71037
94787
61391
79321
76436
23314
11541
38098
79316
44542
86168
28449
20164
39091
23904
46501
88525
53701
90440
1246
8788
5487
3321
71768
92495
86641
11038
3744
94816
5049
53605
3150
90999
20749
51654
70084
6483
30176
43412
47875
76099
99224
40821
57346
40682
7197
51605
69587
27045
82305
82892
78369
9306
7988
43620
81342
68982
79236
54186
74618
36300
43639
58600
9960
71814
38740
49838
94322
76319
49025
55968
32688
9985
14445
99422
9717
73047
74063
13259
57174
29298
4362
5926
59165
95611
12596
1853
29536
57422
69957
9775
68697
56967
64560
94918
5847
27494
65883
28095
30162
7766
23892
18059
89217
13558
48443
10917
63138
16394
16763
37741
88170
22223
85064
31528
42091
67705
8452
52454
98512
97605
77363
40540
74366
28071
32587
69805
42119
65974
75963
11402
21119
17350
39680
88296
81041
52065
60629
47875
54200
63026
6970
6643
33601
62634
77909
13321
38357
37150
57901
31997
74205
94514
51092
91497
21115
50187
39851
98093
36775
86080
87230
72365
93986
93332
75867
46590
88251
59155
12979
77181
7613
70958
72893
75975
14255
46064
70873
1718
70379
52365
47722
22545
46064
87485
3657
98622
13969
30329
81054
20870
6042
11633
22661
58983
56029
72560
17291
44359
15173
65431
88042
76228
38345
79150
39500
58653
60889
83440
47216
39068
78312
44074
67182
81771
55164
83030
35117
56262
34520
69545
2250
90820
59649
20226
44847
13458
10946
93356
25809
35570
3351
41785
20687
89220
39923
8391
89575
57731
72603
29367
94984
34981
30454
30534
94928
53801
93322
98199
3863
6075
5318
74773
14565
74417
93087
12811
51433
46101
74998
79603
16630
69993
72698
96012
65209
146
53436
82956
47699
37624
89346
89761
63073
25571
100000
11743
21770
20565
81419
19628
51702
95332
92886
92364
31415
8305
90303
16773
9353
70744
15278
60566
45595
73015
35558
43957
33984
42807
61417
30389
22177
69237
47877
83392
20587
27230
1280
41425
98820
96052
77918
44727
44611
55419
71817
78854
28815
95063
18409
31290
11629
34063
17234
81331
20991
48921
73674
80001
43179
8768
53961
98356
81803
73527
88607
21161
70693
93671
95008
30323
84864
65062
36240
1171
30531
87299
83367
81020
33144
45880
67839
77534
71228
54533
29287
28626
57151
8790
33538
52794
9173
49797
84497
59546
96141
13564
94750
53658
64876
41604
32007
32128
86273
95461
71563
71274
222
78777
65334
18525
76038
33755
46746
35515
34822
72053
23869
97335
4437
67960
63980
90138
24924
44476
56750
2459
62105
20843
75828
47003
12107
82923
43822
32978
52554
25009
48245
48224
91454
91874
693
91275
55199
45451
72054
99350
61990
48088
96442
35573
13300
1241
82878
15980
65765
78379
21431
43772
36983
22499
5847
90350
99068
93909
55533
5225
37211
97790
75848
58893
85202
41393
76497
61280
59244
29034
87776
85109
99577
52367
68196
85678
52605
98307
40264
40283
63849
34007
26761
10491
7139
54896
41407
63356
49526
66313
35695
9967
17476
89945
24947
18868
78009
16795
4193
5672
32917
6044
43163
3055
15104
83227
76455
69824
88828
64939
52768
20141
9265
58280
46848
71768
23362
69313
95604
23129
10973
94839
52951
95177
41754
48712
42777
21333
88824
8897
62897
90087
32859
1397
62412
9736
11486
12362
76162
82401
32489
76915
54114
18278
66952
74331
5118
5436
72046
25232
60411
37587
7709
38311
52195
90003
35909
17149
34532
2209
80207
18409
57550
35168
66642
12126
81708
13844
35427
31415
61636
10666
53448
4931
84065
73253
51772
87113
71530
3165
62075
53478
57565
40511
4312
34826
13840
30262
616
71691
32545
1184
61557
86546
97991
83184
8932
95365
12263
94729
89769
84884
11358
50669
13715
80133
78333
43445
73364
93197
75511
13354
64325
37604
77212
11145
55043
33458
83714
39145
70818
11758
78430
46425
16731
86189
36195
26019
71248
18945
89
46995
25211
71043
50956
73507
47428
1971
90131
4373
93035
72042
50886
81625
34603
72636
11425
22307
22849
60712
54221
69990
78283
50005
99495
68779
25260
88259
72250
25939
5271
82956
12307
58533
63041
89154
72596
99897
76540
44005
32557
24584
72039
69118
32292
65103
21116
66608
90062
10173
63748
37129
63713
29742
30369
90212
76368
80826
72361
66670
70480
27672
12703
60700
54820
33688
73852
6941
60141
71809
73037
56067
37970
85332
17968
53895
17748
2227
75276
59474
68330
40169
52405
29048
11717
95810
37587
69458
70508
83935
60597
51159
88853
11409
45913
61191
52005
6690
24394
3649
46222
2067
59295
41690
94799
91438
67704
59798
62061
71374
38177
76183
66035
81690
12143
83536
63965
11220
91699
14201
72337
42446
91141
53845
3793
93698
83261
17580
12274
83280
88412
91195
21277
73048
65183
53295
28263
46143
89912
61310
83399
70230
81550
72292
23676
67086
56244
15333
16072
20969
87464
94012
25015
37449
26096
23998
18288
61866
57849
93626
3074
4436
93431
15930
44140
25033
50408
1111
15506
72658
37489
46539
90917
64558
97642
33002
92334
62972
44433
28259
446
31365
69887
25253
71652
82399
33847
25431
30507
98715
97857
76072
34456
79962
44563
78857
61859
14926
69158
7794
52535
25158
3406
64581
89952
61620
93994
18205
41270
88441
73863
18188
44708
95805
36820
13804
97593
79785
78323
98789
38504
98506
22206
24582
71243
91168
97119
34237
84736
63539
40555
38379
96385
30988
99998
81754
64106
58074
67219
89537
49775
14082
66861
42320
5242
5047
14849
31869
11074
12136
91281
76710
23664
37088
36376
82693
45500
60092
56677
27576
55769
73095
22145
43887
6632
44303
32648
93673
35304
13036
80693
23955
89477
47837
32405
95091
38599
40852
377
87065
69325
60262
86623
12225
41614
24986
67879
20689
5522
84067
42771
96088
49920
88447
76600
81924
99207
1840
25221
94016
94961
1723
33291
1112
58267
4746
33576
49303
13241
59191
87221
58543
72476
75115
85292
52552
80034
92225
35243
63925
26679
29959
62004
79503
48462
19924
56669
2823
75833
56518
405
1155
49404
45514
26716
39853
49166
56509
72206
26193
77703
92968
59655
23746
56848
97657
42982
74592
86642
5644
76953
64452
64076
85623
34296
61409
78096
72830
10516
79838
96875
90465
68471
77993
85661
24550
51703
83252
80989
78404
81400
32613
92933
55218
27367
69832
67375
15258
21278
12476
90762
44844
91119
95027
7442
62654
45707
24883
77894
91496
10503
55418
64764
24510
39369
20622
82404
111
87811
38194
2711
94912
59955
11115
25805
80109
69451
6722
62437
91144
38349
11332
18432
16879
16179
2432
89838
47278
70896
30
78338
45453
89688
55318
16908
67886
12147
39848
64363
86419
25831
26331
92033
66270
81910
25100
9768
86654
81789
49089
51995
11941
78739
51669
14326
23002
53867
39330
30309
68973
9814
4912
49318
72994
25505
75462
9948
82444
69360
36420
839
85624
28746
15206
39334
67736
33021
65114
67237
67913
48772
21915
49910
86162
58775
40213
95383
5495
86712
85081
96473
83748
42612
3088
45931
33362
17549
81676
71704
24388
65457
51394
55335
38967
93895
19700
94188
58778
12831
95154
8348
65935
37834
54405
14051
93923
1386
44099
92570
9494
12201
98229
95880
99760
51295
38754
77778
56141
72450
35856
64518
64100
90694
66742
81504
28579
10845
84600
26056
95520
77843
19027
11705
87145
12044
69951
94575
86505
23463
6473
17862
32159
90353
86099
4326
67761
24594
88954
28575
66280
68244
2636
49452
92524
5761
73184
96858
29070
27961
13064
86238
72887
28120
62429
72419
35560
70955
44567
47576
59961
74573
9548
53583
88873
88126
18367
74997
82721
92431
64961
35463
99323
1425
47886
89109
44318
77244
17876
65456
55048
36895
21107
76625
65518
77647
23927
71431
32781
31339
54604
47108
69857
22877
14136
80523
63828
28137
89401
64318
79012
62601
79941
49807
37182
48447
59198
96716
50533
3525
870
57458
24235
7891
65517
37280
36276
37532
91723
41760
56740
76279
37807
37268
53533
38519
63224
41807
93214
35734
17906
54000
76916
43061
17195
83387
73090
66989
87862
20606
51177
54664
95993
27201
98792
197
6634
170
389
45604
3356
54253
66501
25902
65882
13191
3901
42320
2551
28779
22771
34336
63900
50931
39191
37298
66387
78114
58037
4219
19931
24030
80759
96325
49136
32150
16449
36704
75919
52144
88786
80454
58299
15047
33326
67314
20530
79430
79434
21201
86087
97390
4811
10054
1410
77973
89194
53249
35517
5546
3447
74334
54300
19692
69629
50057
6629
77134
49140
19057
4654
95045
70864
85195
4072
75618
30787
17294
69625
8331
70520
77299
59975
50448
30200
35449
81731
25046
85570
8494
36728
92475
9356
54943
70114
90904
93963
63203
45035
76162
23203
65019
42549
36992
55984
74030
90970
59929
34788
14703
540
29106
46800
27246
56788
60155
97712
33945
47453
10230
48914
60855
38999
79369
18037
241
60666
87628
33666
68586
26507
13170
72516
19177
69899
37370
54507
69200
88195
51536
69759
6101
51017
56383
87045
23484
67225
49462
77368
40255
76480
30502
92868
65243
48485
84962
89367
14213
12149
30167
41511
68634
87097
88212
77699
20216
38701
86582
54280
87872
59763
83792
57039
53004
13022
84531
17674
49570
14633
18970
99289
90843
89344
94376
27228
59158
55711
38012
31515
87386
45961
9255
83316
44222
36082
28672
98202
68560
93810
25150
54046
70438
7485
69337
53217
93718
88521
94240
96690
24292
32796
7229
74286
11632
50492
55110
2692
28530
22151
3496
90949
64355
80672
64200
91329
48071
66983
2600
85638
29393
14751
37378
79165
41431
19781
31049
42376
44230
4376
12109
14027
6069
37899
55020
77285
30054
15610
50431
82919
81624
97755
60537
7407
20134
34610
96293
72538
99000
38466
50185
2612
38757
50135
12028
96169
31747
12000
46671
19408
13486
24854
20080
25058
55264
30807
1356
61929
22085
28306
37816
79706
21267
6954
65870
60837
9199
29476
38556
17228
92561
8572
9402
10382
89692
53200
78768
66207
25458
59602
4268
67413
86336
88243
41460
42963
13693
67388
72117
20040
92940
87584
90577
5996
82560
74989
13807
78505
10955
54923
18583
3030
53889
96101
23923
87059
82294
92499
90183
41858
268
20799
96497
46116
26629
73217
64429
65083
78715
15742
51021
18004
13524
17429
47946
97797
28203
64229
86048
35931
43800
47924
27511
53819
7531
9101
3621
76823
57247
73109
31815
53448
59533
20665
65375
52555
61149
60319
24034
95225
79303
26030
14202
88054
52407
30562
74728
49431
33264
7675
53532
54184
81089
29973
6750
54948
57739
8718
32919
52664
7968
53825
73820
40786
95254
54483
26311
38409
12377
18685
45745
66649
54693
43842
50536
37498
96384
22253
25086
62388
5567
45044
25528
29451
24882
52949
57886
54636
69030
84512
90728
37757
62344
44762
27603
92705
74353
86994
28226
82435
60262
28918
89331
82301
73545
30870
18897
10927
60359
13171
69016
76608
93939
8393
1594
932
23338
62624
29923
17985
39307
72596
62506
41236
7490
93828
55181
69700
26195
41523
74750
65432
25174
14575
25066
13143
13054
39809
53039
71711
76402
64809
38505
62133
10899
16876
7826
89594
61861
69062
19887
49671
7651
33044
62794
69560
66862
13958
33500
76154
96921
59317
52367
85078
29500
53547
115
34134
95425
71882
60306
71333
24961
80467
44021
17
43969
84073
30601
3693
63121
62652
54337
1168
10833
40090
1395
4803
80993
96384
73893
1235
75857
17635
86835
32337
52263
37581
60677
99472
19611
23473
31868
97420
42359
58636
57683
66989
94540
54122
35894
63063
43953
46795
14583
72021
75879
24519
84427
39990
47772
592
32573
96502
60544
61207
20127
88621
68951
80850
82403
40874
74636
28839
34645
50009
58202
28818
32613
94254
19822
15668
17522
15617
96146
59455
82064
75163
28444
26159
27255
28977
54785
6450
40961
67595
98797
37669
6254
42631
46270
28958
66251
20581
38625
68217
82308
3103
74473
8852
81687
95561
44468
47214
63550
94562
88705
63557
1678
66144
89003
72506
88193
4243
23313
67832
57914
72568
77605
30097
88621
29499
83286
81246
69359
20743
65748
10480
94193
89501
24285
61798
66526
54330
66950
77252
72167
11750
47418
66712
97627
4923
75853
32099
19798
3274
90556
36882
94412
47217
32094
1831
68836
50308
11213
25902
3813
50726
65787
39868
86798
84465
13985
95869
21635
34408
47693
79461
17047
93625
26543
50918
83365
45670
2472
77872
37624
40894
80900
81692
10634
22659
6344
9105
77554
9667
47416
82292
69343
76942
72800
51909
14563
33626
82440
459
96071
36702
20552
82912
80759
75674
87203
8100
80803
41331
9620
43894
4814
9727
90728
85265
55223
3705
35875
9126
6738
5268
29587
12274
30743
5624
3745
48954
76677
16599
79454
41917
97519
67597
27530
11873
43552
23604
84891
10517
97273
13720
69008
69900
48347
79044
43311
6323
43089
30065
26547
98837
60487
78104
34855
33659
59414
54224
25589
48488
89520
88035
94272
80693
31898
8377
39347
97282
2282
27764
84937
9299
76987
75924
94035
87848
15225
4784
13155
5661
37908
69941
79700
86994
28692
14083
94758
61573
45319
41013
37502
76966
12795
62480
61951
31788
70232
23515
24213
13809
54431
38655
65005
97530
77284
26655
44957
44709
59241
7747
16400
27153
34765
41333
93453
38177
91410
70706
8728
23442
72679
56473
85757
29519
81900
73915
35185
17523
34450
6652
12456
23799
60555
1917
63506
59513
63391
31025
15575
82183
46513
23945
51631
86061
29357
30332
4090
2259
62307
18634
31119
21010
46962
35219
85681
66637
45911
58966
87540
33004
22295
42217
55872
32014
81695
98680
70234
68519
271
36728
13660
86766
89046
86719
13282
85197
90181
33758
46306
39113
82904
54233
96681
73308
22254
69522
461
69659
23749
86070
82896
91327
26047
43770
71593
42381
20744
49648
71819
97215
65162
7246
4808
81870
81763
95074
21908
53621
71655
18671
10679
99398
70
75668
46890
71417
33098
97582
4942
86867
80363
6518
88504
81875
65815
92329
95102
93316
30746
7402
90406
898
32128
37675
76122
33381
56191
72712
37175
98869
15753
1439
95111
5766
38337
99012
27551
92064
7064
95102
97333
9657
22952
7880
65513
31803
22941
54140
4224
60899
55074
54785
54755
40627
39062
66487
47512
55944
83671
36857
83431
36088
43063
61423
35135
89568
39828
79122
92853
9330
36561
74492
27067
13914
16295
89825
4179
18398
42064
11601
20544
6052
6988
55097
89658
4134
29315
49162
30115
15058
92101
21534
20718
91518
42339
89381
61533
96475
89202
32482
50858
39733
28348
95294
93819
38042
8030
46237
14458
49724
32327
95030
68580
58679
39230
15173
39895
21728
97488
24393
15226
16934
94005
489
21302
44922
15537
7545
78949
9208
35364
58893
82288
82650
91924
34438
94640
57499
4635
59801
68063
96253
81488
3297
35751
55768
2944
7531
45031
52894
63579
89933
76174
73454
3381
19661
51536
36398
16682
75316
30420
97106
38434
84128
85727
54357
93294
4556
53246
1619
64287
25528
20785
81892
80614
61718
60604
41648
40103
98501
19574
12689
33454
43659
26303
1367
81765
29696
36368
5548
68015
77112
87027
14944
37544
42669
16475
11586
21018
59634
65455
454
98902
39783
60868
53870
10060
44907
7065
3525
9986
6472
25746
54697
31021
43920
59755
51466
90770
3256
64070
95762
39261
29543
44799
47309
14990
40879
21860
23216
95389
80812
80188
30929
41437
99427
54778
30101
490
75417
35205
68854
70233
19127
38256
10230
91072
69407
4446
54796
46995
91070
66702
85337
92813
76428
25913
3538
24202
37048
62326
58110
98295
11282
32345
9277
39395
38649
68309
4943
32787
4326
60548
93012
65710
27616
94652
47283
5530
33114
55024
47875
96055
2916
49987
43244
87192
6074
21715
1370
76473
77685
68828
52881
86508
16914
83714
65397
36426
14403
32921
74842
28236
46571
35454
48016
23707
23228
83901
79657
56173
50817
68282
33252
60965
64076
19501
40100
32179
30
21290
91431
7295
91409
64052
22559
657
2716
19158
3798
45713
60328
57128
66655
38880
10813
79950
59062
58075
24480
59571
28624
14934
3823
79
98995
50805
67902
6590
88332
66591
77257
30441
98413
91237
57367
58084
80301
73923
45123
26606
23895
36913
33884
13550
27567
26235
72102
5972
72967
94755
61786
10444
32069
30891
8921
71251
56761
34553
57552
86762
96695
10903
82075
68742
42320
6239
76408
12799
13985
14425
81328
32932
40493
90809
85240
46870
63614
18497
64088
69994
20105
11751
83405
98734
54481
39625
87323
65393
6148
11084
77747
60909
14953
57413
18876
67129
60231
33759
25817
6031
89775
32628
13196
110
25142
12306
65539
14036
21254
69506
54332
15676
31066
56895
29035
51625
21330
54085
17823
63369
79683
7152
90120
13576
20890
23948
65701
33626
37583
84500
1309
25853
77034
47538
92670
844
47572
64247
11070
15130
66936
51995
20047
41548
95365
62697
20429
76259
8043
48322
7103
34950
69712
17723
36585
18858
86440
12143
2868
38417
35705
18304
79218
23112
37538
78857
94931
40225
48667
73930
63265
13861
90690
72215
72412
57916
72083
51550
19922
42564
29236
28465
29935
95116
18368
84005
74901
43452
39002
29560
52553
41184
66079
94316
26453
36495
87891
99707
20295
87709
42109
99068
80430
11073
78793
90313
55161
73133
52613
85389
5423
15982
29875
29223
52184
3234
87546
85221
83247
71230
14224
28083
26065
64557
7066
40711
39142
66408
14057
88605
51389
29933
57229
59820
80120
46682
18567
8506
79512
52130
81283
73762
38594
15412
99979
45386
62811
8142
5776
46978
79962
78815
395
29751
54933
94363
69747
84528
71148
29981
34305
16655
21670
65147
47512
83379
10926
81185
53578
3111
34786
64051
72289
72386
17107
14824
42461
2953
25156
70044
55385
66176
12583
37475
41375
21770
46635
862
64632
22180
25210
85719
60051
78003
52926
62575
33233
87877
70005
7588
12359
13897
22606
76657
9252
1908
833
91269
83985
33299
23878
79411
81315
30886
41783
6851
2910
23523
44766
67848
22775
76224
15437
9267
71184
69223
91413
65420
78795
41294
2142
36972
33718
51233
87780
69844
16787
69030
50767
59202
50749
14173
38857
12786
98436
1113
78251
30080
75995
39468
67687
37261
5169
94764
51033
61302
71228
80167
53622
94695
63045
16361
50622
58674
72841
72489
36579
46921
85844
85887
46122
86295
21928
61685
77755
23245
12835
7790
10763
59780
35070
829
43878
47449
68443
50136
18974
69835
6056
12140
7847
91339
10011
41475
97002
45849
86024
75725
85820
10519
9009
40374
24597
69446
36652
11642
72895
57171
59366
40280
99323
34874
76754
70037
2472
83487
56231
63992
48861
43277
80860
55917
92508
48403
11485
86556
51319
80543
97166
93908
14250
59024
59864
47461
2913
80570
41621
23795
31425
51966
43361
2780
63503
94977
52138
72550
24238
59887
97973
98514
29601
72592
91156
51166
30300
79275
13491
58776
47232
61760
76095
1515
19132
12672
78363
81392
67627
990
98711
73396
66806
78489
51233
78541
91633
77905
87342
99404
22082
94341
85264
24344
51706
70813
41665
10127
44117
52073
6662
1337
70487
19691
38433
14493
67171
30851
32813
48406
928
71178
80582
28522
97725
21777
33689
90269
94420
85965
24565
22917
44755
99123
10541
25997
67189
88902
13595
42968
33430
49666
65745
96120
7297
79073
2181
93800
22758
74177
53955
60354
68010
79116
50013
36784
4347
2700
50126
8492
66094
85512
34232
80238
1294
10949
15541
12944
11111
89627
7993
53224
26977
17878
33860
50475
6735
42501
94378
33145
21356
90579
98917
12151
68340
32555
63561
34285
37124
17788
35271
80510
26036
2409
60099
22092
243
21932
60096
84701
50287
86106
86425
49836
85864
41426
11358
12231
82238
99442
363
84488
20188
95648
70457
66260
56343
10377
33498
28586
67455
90006
7712
51891
87786
49915
1274
22603
1712
4575
39062
73262
73115
20090
57464
7327
45203
70743
43444
64850
66374
50252
17571
30793
51015
7828
49157
55959
21448
42527
39471
63438
67772
62998
73577
6444
57861
65223
94922
83763
91391
40114
97593
46693
31585
43497
68720
89250
50545
43164
27647
276
17026
97208
4628
90083
80064
37062
33570
77490
34938
12427
51926
87032
2248
75479
40004
83432
94797
12118
71150
45580
4963
86946
12999
91513
88669
15993
88874
30769
35389
17992
67391
7187
30120
80237
15704
82724
56477
56398
3635
40464
71931
27949
7428
12724
21161
10909
40377
61217
8014
7325
26592
3643
7304
81676
6256
68312
21905
99125
13857
45565
49278
11282
91837
44430
21160
81522
37575
47617
16120
43575
25747
16227
51175
93778
79993
78066
45248
88309
90166
24965
26579
44506
5927
9863
64127
89618
59734
71521
9635
62877
51798
59214
68260
16228
84255
19146
61255
79563
62646
62515
92121
50680
29239
73559
68269
46293
71817
15871
4546
78002
75981
16666
40853
52859
98197
13914
9101
532
15603
12917
71885
67320
1658
83102
94599
47585
7792
60898
10558
40166
65836
7841
39151
89716
44270
14634
47466
55728
50178
72248
4646
67011
99748
22318
67809
75135
77798
9042
42018
42790
67530
23234
88696
88326
57324
68499
3259
34287
75224
39572
31340
3682
81475
41056
17410
5563
94786
97730
31070
41342
83942
18696
47487
92893
71335
4626
45073
18050
77894
1337
45847
27859
81955
527
48853
52914
83807
81275
66081
911
28463
33077
5612
51679
40939
96407
2183
99241
87268
48432
29113
21710
23552
87222
87079
14658
69700
83773
24693
11931
85080
99438
70844
82980
22663
35183
31608
1496
40096
26768
79757
40800
61850
89998
19778
20645
47951
57757
92848
96514
54796
42646
36232
5794
77436
4245
89030
75560
69310
28960
95352
36597
8341
49970
94967
50313
29442
95789
77143
22482
34603
32171
47246
29761
39889
75123
45605
74359
56383
98114
88216
73663
31922
84339
2083
84541
60301
51818
27689
16648
73960
86238
67098
34681
68566
1049
9323
38444
52719
60025
79023
39032
9717
45558
22352
28296
88061
54660
95448
46344
89541
17717
77479
5593
54106
76053
15745
960
36214
39244
74032
27093
80535
56647
83068
51866
48223
62585
85554
91424
17703
27170
88551
60162
51101
37167
5770
78847
94254
45197
46297
97142
55289
50525
72187
63200
60217
46048
31592
31217
93502
79841
25212
47102
62571
70095
55823
94633
21795
28790
3189
24553
68646
84919
89907
43640
77048
36488
19691
3739
31018
41715
85815
18209
757
31984
89491
74140
15409
59718
19257
43032
19159
24320
99657
23563
36502
60797
6390
56481
71206
42561
93859
63543
55032
71676
52008
85167
42538
64018
20695
85457
24322
59106
91524
79850
97349
58060
23520
69204
42638
76933
35615
28458
41749
23990
50678
88614
38532
78294
46022
36225
84101
27313
46308
14702
53986
51635
80473
10823
94922
80484
38109
18895
23841
77590
22895
36339
11365
12549
60887
60896
23677
84248
74867
3200
41598
92288
48458
52891
51395
79771
63347
18090
18820
48822
60655
25051
41885
22827
56070
20005
31414
63041
36204
77958
87110
42912
4807
72531
11542
1702
73327
567
94687
73097
31848
4531
31081
81615
67641
62928
54239
2009
13899
74358
31429
33071
57152
26791
77927
40590
44053
57780
45419
84499
82465
56250
20603
20989
7416
98014
24598
94938
8469
15853
5387
5369
5749
50544
63738
86959
11371
74123
72135
38997
2489
15653
85786
22585
27032
72515
18081
98566
95463
42055
21832
57099
77071
11210
46494
98489
15491
81153
1055
97777
82950
16695
55333
1125
51533
54154
32763
22819
35026
90689
79004
81575
37119
27013
65939
2701
2102
98163
20625
68285
89398
25323
12372
60962
22880
50585
91602
95558
5019
35457
74337
55378
8838
84315
59686
16718
84945
7236
7537
52561
1933
90688
50903
88908
81040
24699
23523
6949
89016
89743
48742
68237
94568
40913
50142
13975
55438
58346
98147
46213
90659
18017
68335
84388
18375
29648
62729
28659
86191
35516
86191
56737
77670
24114
21209
43022
4727
63594
47288
16699
29802
30481
97431
70274
50984
90401
90838
89524
58813
25535
97482
91669
75262
23550
34429
26236
43064
71821
86848
54911
84560
30929
15991
61334
63299
82840
21461
23644
67995
46886
8331
71159
42648
5489
20538
15704
78850
25552
42801
64356
98018
23431
86485
73630
83812
93552
59904
44712
6634
65277
85916
50874
15212
6840
36869
95320
41506
77520
81868
46367
24813
22335
41228
59356
6093
92015
34966
89241
57405
39642
28605
78126
66784
26799
76143
54481
64721
98825
65597
74036
87976
93390
84212
63751
40763
92829
95272
64929
84733
92214
15103
13876
31971
18983
66130
16848
12577
75507
20072
85877
75922
84459
71616
69650
67571
47110
27339
26635
81104
34243
80692
67349
22297
83238
86083
95451
79584
7063
37349
48179
36133
57240
11031
5784
57931
81687
92013
18129
41764
20961
69241
63125
52845
27131
75467
88723
76367
59936
2643
6560
87394
26675
9780
11795
98071
13994
87415
75924
90487
12020
59505
10933
93993
32636
24449
95222
63985
11498
3257
53276
93033
71789
61043
31122
22185
20455
51398
90081
37194
18700
10806
8431
22456
36984
2276
70161
22399
98606
51778
87276
14345
91363
15846
76974
84111
62696
57411
19097
7795
25218
29397
54385
35285
67745
95799
78287
72832
61908
77643
4185
37104
92123
53896
61136
19626
69611
70378
80301
30129
59525
23858
42516
90680
69490
17981
87540
91611
41249
68240
65939
13799
13433
93229
21410
5807
74676
34852
93739
95279
72646
18643
83461
19700
98901
82181
12221
19220
26044
58862
28283
53320
21320
32603
79598
34822
84523
42459
73342
4665
16251
68778
2703
50752
48073
30467
43513
7989
77813
2503
72696
70248
98717
7633
285
34263
43441
76838
99429
38770
11461
21162
96331
6269
56078
73266
9665
75937
3046
59736
59320
43245
97564
79759
67026
55148
87250
20197
2540
5497
47592
26153
5565
84343
27363
72395
62788
91583
49730
98901
62643
32642
60957
70361
6682
2123
13726
71110
86052
48087
92412
96483
92638
83010
36191
26170
70984
24143
18598
24640
1329
68000
31871
82694
8841
89887
14508
25461
87015
46767
95825
97818
44533
2127
20213
64981
65348
51075
25632
4438
63678
24102
37311
6710
44063
9499
39156
67882
54272
39694
32744
37863
76030
97099
88182
50861
8613
50371
66842
34874
46924
82135
12389
78487
73380
49162
15280
13020
3489
94517
70302
44805
44675
72725
14428
71972
28647
71461
62218
82037
55190
49996
719
76720
902
92268
81110
8661
91411
58703
46813
76345
24190
39055
41963
75642
81077
56446
72735
60255
78962
76333
77048
64177
47919
54398
53069
66776
8809
1287
60633
49996
45184
71448
4668
43479
48789
505
98540
61350
71562
65955
83369
39968
82845
75134
38620
36698
45564
81567
2169
8629
71444
60948
92809
73857
65081
40582
4802
25457
69520
50503
24682
39172
33611
70598
35227
93485
73417
18142
79706
33702
79037
92736
40264
18675
78799
29002
46887
932
24119
7829
57344
67070
95704
24565
56702
46069
98068
61530
3153
68891
97471
75609
81817
98767
1087
41540
4036
62106
68196
77598
41536
20042
29196
57864
24763
97882
73324
88756
87577
7893
92344
61478
18060
30000
12103
44882
31501
27323
78768
16019
47734
4478
8212
59485
55846
61559
61157
85158
58590
24526
80282
71720
49463
27122
17630
3076
52236
19071
79743
24866
30515
80173
64979
7620
25100
42599
92877
37627
97802
3067
57431
69540
3028
36198
3054
85853
3023
70612
90022
43926
95472
68343
33521
21751
31267
11721
8013
47061
54203
55651
23848
9024
74790
71761
22608
86922
63658
32922
96931
33956
76511
98278
54697
89405
84847
95614
16107
36164
32032
39618
18600
85206
23893
59777
73420
88781
81225
40764
75569
42348
62823
49763
49535
64329
72378
55593
77731
84217
79297
99428
49100
15361
62942
99329
86043
47950
6907
63149
40571
13123
1013
77388
59977
28990
95149
3301
43930
84029
86032
17377
93559
27224
91162
62196
94414
17918
67145
80806
47
85714
11446
47267
19540
44443
69690
87562
82665
86212
75813
73447
10828
5250
13726
49730
67509
90353
39630
91822
56169
17831
38625
16034
91140
67717
94909
9802
15268
37172
2474
35689
95986
90683
92916
17195
70763
55488
93612
89531
27875
73784
61211
2109
44005
41858
2131
80954
10507
41808
22324
61292
20709
53695
89835
80677
45161
49709
53499
89853
51668
27049
5242
78118
76766
18658
11032
16519
61059
84274
91253
42550
74739
8466
34316
20016
51648
87557
6209
80846
14340
60114
20754
20176
94648
10985
88932
40240
19545
6360
98979
1533
7263
97071
24150
40923
23364
4386
46610
75403
21373
21831
27512
84312
17581
24339
67548
42935
93323
60876
51957
74419
15309
54458
77215
80203
54190
95148
44759
31436
77732
81713
50658
92007
2620
78014
38265
93923
68671
14816
75051
88290
73840
62579
77988
23956
73181
43563
64726
67257
6965
7913
76252
11867
87488
81377
34095
51853
82094
23746
87144
46822
82154
91723
65630
80543
53070
27409
70140
78921
16566
60837
91715
16120
2925
31342
59170
67658
76189
35596
69568
43791
53196
84953
73734
82959
33333
89720
73871
46957
73867
853
92954
21177
72198
99773
79528
90001
33988
23350
6650
60928
36959
75993
12568
22745
79644
76912
5226
48987
69263
81910
14760
82739
81484
92027
33692
47695
54393
26171
56835
58457
62452
61720
53348
98400
83414
53039
74197
23431
39826
64071
11763
55308
50524
99116
5225
30505
30578
63295
96914
95522
82738
32383
41393
41025
59953
83300
49345
72220
78536
33483
24591
80110
67018
22825
65165
44326
19374
73477
59259
40770
30430
67100
5947
70236
74175
83413
11357
51780
70123
24280
9851
68299
73317
54192
19310
19660
14313
28353
29764
33614
31367
68664
88796
55298
37061
37124
61742
5958
28745
95480
73502
53729
87400
94163
68624
92952
52544
92819
84373
64209
75445
15142
29805
73883
65746
60060
20583
97168
33249
44836
98070
70523
48492
36523
33240
46058
56117
89554
4706
59867
11111
95363
92498
64682
44250
67696
97389
27395
32312
31845
41465
94881
96912
66405
12254
59621
20415
11301
47788
22364
90602
45664
14816
55796
38829
57386
92066
26963
8762
34269
97429
95883
1684
57179
41432
64978
98010
88600
14531
3980
63105
20629
49389
44355
39835
19474
67048
87575
22042
75641
195
97021
12403
83274
35204
18713
37368
40609
76056
8363
148
56820
71614
35893
11914
76971
14358
95396
34043
98285
34091
61960
14488
87803
34657
88571
14846
61627
23505
57442
51354
31422
76734
28580
39051
96969
46287
66462
61074
28268
48266
38437
6776
98172
27483
90779
10851
16985
44375
81865
95181
34097
67144
60962
77640
45054
95535
14949
70351
45663
3354
32128
50997
37968
10810
15939
19237
33554
34731
88185
4699
58351
36503
76837
72395
70247
57059
1895
77951
24296
42328
8408
24794
78580
57053
69271
4941
43287
47848
58634
43976
46042
62781
88184
4748
60874
40965
86659
95375
83843
37503
43429
2419
77830
50465
19901
99963
40626
2608
9616
26408
36648
84071
13199
99527
70257
72098
439
66911
89529
57751
98424
90857
55214
68058
73970
63502
22302
61291
62348
46691
26264
12703
58150
77857
31368
2377
50692
92581
75256
6661
23667
79476
5446
40425
32852
87621
77879
92219
31388
41247
17755
30419
91153
92205
47328
98021
90273
4601
28334
1491
31077
85923
66683
31470
96294
22046
5509
86180
91743
24935
60481
68244
58827
64418
97611
94350
25449
36914
24549
41540
89664
33454
76210
91747
32780
18754
2232
60538
8719
86794
80013
70370
8511
14668
13977
59541
39380
37744
80226
98519
23568
30204
76779
83319
38277
17529
71848
31286
79502
43558
54303
20046
40786
15747
47768
33696
51942
12163
24136
58618
79919
87068
88781
27693
52190
7818
96566
70588
3152
92898
25738
12131
50807
84923
14313
84315
84549
45339
59830
71867
57236
87584
35388
65306
64613
77067
94223
98091
3090
82242
16128
12941
40534
90730
66347
6771
7400
74569
8499
96923
47885
91350
7941
18200
44402
85719
48932
34785
86949
91622
65689
19348
10148
53671
49762
35221
27869
90387
51736
50267
75752
54022
21397
49948
78032
59569
59850
25788
19934
3218
12407
59434
72414
23958
91283
73839
63383
65562
51635
61510
10253
37463
45118
8331
5456
58443
86337
96121
70683
41176
25788
10359
85958
96202
28795
11028
68526
79012
97044
1018
13975
96991
21294
77366
1811
86261
58233
38500
53095
51670
42933
43755
97937
25570
21202
62414
66502
51309
98470
62363
7481
68491
2660
41022
94859
30239
81821
22000
33863
67740
55675
25585
5264
56353
65606
86782
69914
78142
5434
57395
44325
34251
5233
96861
93854
97268
75941
50423
65789
16967
60602
74582
2058
80071
91852
23512
64776
6967
21834
19926
54606
67167
68281
48194
43158
80469
84986
32500
48855
55509
12355
14830
96506
31559
12126
70058
23179
81217
60398
89818
13244
11051
24144
11174
20365
10322
6131
34365
68246
73890
84698
18202
91367
99340
47567
81793
24015
20990
52989
71407
32844
52368
61943
20279
12716
90962
96379
85977
94097
78559
87235
98884
58299
25948
81456
34258
9899
83390
31715
51467
96828
22624
13236
63357
74880
52419
60507
2277
92243
79912
22346
76842
38027
72434
77044
65275
14288
66297
25998
44236
96106
80957
56820
32809
52289
42987
60668
33660
66638
41193
19214
6698
56673
57969
51754
32603
39942
30624
40144
72621
70773
97060
99523
52579
91570
12091
29500
63178
29064
70869
10314
69135
39567
74419
93420
91073
77068
69265
78805
71353
51103
4810
91631
99302
443
55613
1484
20702
21689
77580
38630
85599
91371
58427
85613
88546
54509
46401
61371
63493
51888
19733
29471
32363
81049
85494
50817
81034
64219
75871
1035
22175
27247
88843
68961
47098
97075
74088
48008
16527
89143
63901
57418
36792
30269
16962
5503
17732
14650
73875
74236
83316
43855
22692
40677
21798
49888
58903
92284
19010
98815
28957
89953
5550
75051
36949
70650
12240
58389
73073
3807
98814
10178
5708
31873
37729
45079
80727
94956
79649
75268
40708
18487
37269
55604
93929
7126
91241
82180
93961
1361
99464
84448
88943
71481
61343
81750
51837
88710
79021
91838
5696
35268
70160
49873
80964
65423
52836
56039
38127
90015
53143
2158
42499
77052
93780
62693
79313
25410
20522
90287
13761
6877
49830
37217
38885
53674
33017
96084
72142
40654
24619
80320
48237
17095
92397
57051
28038
55458
48707
1518
96445
57176
98703
24653
64846
44793
73380
23462
34501
90416
9110
74891
84285
44030
50934
75389
63797
64221
2710
89417
41614
20772
64371
85807
10358
38841
99064
87568
81558
28542
77905
75849
94654
86272
20104
46137
19531
81149
7306
53092
29510
14125
41474
58580
4579
47510
21010
84706
80858
39090
20664
4887
38052
37994
84315
23338
3828
82216
69703
57636
90409
61918
19515
92964
12524
65288
34283
66263
10287
85667
63696
23161
40909
2635
87565
48832
86988
41087
36167
12183
97207
66451
28993
87795
30760
405
30659
54405
35146
78609
16732
78282
50735
36970
41246
38464
47337
91171
10947
97286
50333
67791
10831
29806
76578
22875
57104
35242
69705
27557
42460
19772
28362
33196
65537
35448
35167
8941
40985
68854
72032
46927
34728
27819
63797
55057
18076
99567
51883
82231
34577
68826
8118
71207
24287
1723
54462
91438
44198
2733
20792
77810
81552
25904
60524
26345
42485
57847
93021
10519
72750
77037
40553
36264
57814
65743
90808
52659
50715
31876
34141
9112
10938
90238
66076
57582
29016
11219
61282
17863
68107
87869
26824
89341
72616
46761
19709
76075
28185
81821
62178
28309
66553
50999
59533
68414
28927
23396
90821
16834
25237
37468
5346
9389
51600
74404
49483
46745
82893
34100
27187
7206
71412
34581
40515
6635
93535
80319
5884
98853
32300
22429
75926
34082
94014
74117
57123
40945
45361
96087
89710
29062
48608
24099
14272
25766
45100
20090
64368
71691
81898
25254
21032
80010
11729
97989
25666
64262
55730
78002
19782
56200
39747
34701
82266
40332
44366
59359
6860
13302
98911
88674
73737
53587
2371
11546
72830
77980
76935
50735
15075
76778
62512
19744
6220
28409
45060
51327
15192
54994
52421
2874
41925
73035
14438
40030
84082
8625
21378
60507
26672
4975
65289
16243
50032
31491
74772
37229
35725
93004
8434
99904
86016
73948
74839
98801
76636
16800
92547
46206
44698
75682
22154
83510
82861
31868
76125
79370
50752
3770
1599
82613
72605
30999
6669
35964
69651
87787
61694
31859
28341
23171
96327
11496
40269
65498
46470
27882
72665
31503
61169
17714
55639
55613
49571
92691
66614
85817
45442
37646
89604
55763
80647
15400
29149
6553
62392
19619
37735
63347
46322
33040
43958
60051
80393
56213
24762
63410
20717
11193
55648
37315
71991
37356
92884
87410
61401
20520
68906
86316
39357
19512
57447
35385
46916
91037
94105
95588
3254
1630
64599
2462
35733
98386
58512
71593
69554
23390
18104
33522
34294
40757
76107
68357
12208
47595
90991
90729
22295
25607
69747
39724
10426
38663
57339
92593
84888
86026
37889
63421
86827
59482
12936
28274
33193
6627
36934
64223
54125
57379
26344
66475
8570
78856
68390
69093
29784
2937
69923
76493
82681
21152
37804
26906
5715
22055
66668
95810
59497
39472
58488
17384
86399
85219
14940
8429
1616
10643
84949
93826
76544
18304
33622
20323
52010
66824
58087
52639
42874
34456
75252
62637
61219
70141
26382
67261
24617
62830
24318
825
89537
72360
90005
56691
53732
2333
42707
46967
22524
74480
78018
68084
46711
3787
98922
88796
76159
23794
21957
85268
68857
47540
21467
69869
49847
6379
42781
84245
36223
5873
87736
56943
17471
53628
66879
16221
37942
71479
95124
77077
83672
81358
53542
41766
97873
99142
90728
77130
82091
92946
38149
6688
15439
78145
25007
86591
75058
95417
69664
39990
87992
2734
13561
72754
55804
76317
16039
24394
37706
98086
4942
15806
3110
16372
30993
77788
36322
47018
62039
56551
57126
68317
13626
59199
70500
86153
36844
40149
17449
76113
91836
52496
24145
72614
64437
21744
22651
42025
94645
70147
48540
66650
31234
48217
3983
91764
32800
37033
44609
90165
7780
86945
35046
46672
91815
22127
5722
93793
58867
41014
54795
6966
21619
79654
76610
40677
49421
53063
88718
34887
25550
31396
54970
2622
81210
66647
21594
86318
62178
94456
56538
84560
20417
95162
10968
81549
18989
70592
54567
53628
842
68400
35902
62514
94659
99258
27642
4787
87803
15120
19709
70409
55124
25840
69374
35131
89291
39774
23420
48360
93376
25853
79637
33933
50674
4635
82185
42914
8346
34540
97384
19403
21871
72196
49141
11247
25431
58499
21544
29604
65137
74127
70533
71575
31571
60943
83365
64993
78008
26951
64387
53786
46693
85016
67992
1329
28664
379
81000
21899
94521
69249
24363
25529
81989
67219
87860
58033
71016
78538
57938
84279
81075
53510
65789
2858
2919
50481
72019
7610
51840
93523
99128
57818
15937
94002
60404
44087
28299
654
6857
17586
12470
33786
54066
45834
30757
46284
68223
10678
64309
24273
37508
11188
21667
14592
21408
57583
32623
28168
95032
8761
42532
81358
20916
78079
37382
30159
81665
49597
67630
26748
40876
56453
33910
65379
27302
83880
94756
54183
77796
9790
847
8211
54237
23372
47458
14419
29808
10573
30817
29109
14253
83910
71205
63606
19809
9848
8827
96316
98708
23671
86610
29744
42
47414
28470
99487
35430
59007
277
43187
3907
82193
96705
5600
75198
90389
80039
3706
86605
57589
72510
45476
33711
17260
53859
92955
79166
25382
21507
29131
20531
10464
43234
67318
10526
27667
18509
26130
28444
97081
7381
26628
15428
25035
69493
19756
21506
2648
50463
79621
7264
76794
67493
67345
74363
39066
54565
81937
40774
70565
3342
14256
11186
10225
59053
72315
38584
48126
34565
67782
23921
96128
87111
14737
10742
66868
36993
69728
77545
52879
81841
88218
27174
63467
81686
34531
48835
52624
42018
4872
10004
84689
68560
13348
92947
59591
92281
83196
89859
45204
82653
136
57473
22395
28258
90965
28062
76287
36909
29253
68983
94078
24994
42872
29784
75839
23263
83573
80134
61224
91002
29534
29692
669
19364
8811
96728
40538
81515
40080
18568
88913
73735
32162
62579
7751
92029
17441
60255
46558
86173
52437
77608
20028
33330
42789
79347
68825
85530
42972
82352
69552
14889
98832
72540
84927
76777
48992
83055
29817
99365
59025
35265
28570
63611
47270
83571
56257
89677
99044
8332
68690
19628
65589
34935
86257
30551
35700
22133
66470
45091
36524
26819
4402
80741
79946
44426
81288
37061
6474
75421
86922
98617
71055
37797
23337
20622
77136
92056
93171
79080
46014
72919
83580
78514
99147
7985
10397
68692
54126
66223
84272
20304
80058
36261
64320
22017
77842
50391
88647
48449
3802
24498
50424
23881
12677
81159
91662
88896
46096
29066
13553
13495
87451
49667
60505
89764
90957
57187
79022
48077
29058
46711
18061
62306
28721
89277
87941
81267
16698
3733
74407
34179
32351
36257
64063
87320
36907
48405
56291
84506
86701
66804
15409
50034
69119
83086
95857
28367
40312
10695
48309
2246
66355
91440
98121
95178
5978
92456
68205
37230
37768
98802
83301
363
79691
56413
7876
98909
55062
49213
60360
60984
91273
30452
53230
42928
89279
51653
47493
96689
62054
36225
26333
82798
98991
94075
5625
32899
88338
22634
1804
63792
8890
8881
5274
23112
25513
87399
65276
53889
77918
89414
22475
53574
58682
55454
65655
57104
96019
44576
95298
28483
63618
5212
12924
25143
7423
30296
43118
30031
9785
15546
20662
68431
83241
34616
89884
