24314
4795
69658
28741
46602
6567
52712
44282
97177
20462
85863
20978
52724
88034
45999
27241
91971
87338
53487
92215
47806
67210
16046
99711
70776
59577
56882
61918
54401
80907
44354
41308
64421
93795
94700
63721
60725
44962
25926
14660
64431
81391
78214
86989
61330
95690
13982
33859
53854
94784
22894
20603
66007
4727
32702
32945
29492
63430
90900
60421
95651
71527
16058
3101
91030
49499
40937
98836
25244
843
333
60204
31048
94277
3713
68063
92773
57998
73954
6920
21008
52807
67238
39723
88927
1801
35633
24908
82431
24868
12080
44920
91604
68060
18339
9971
42915
88289
86871
63259
8370
79095
73641
81776
64709
92208
19343
101
92873
53167
87107
57705
14036
91419
40454
15531
13614
88225
45362
85926
81685
25332
15284
76824
87623
59112
22305
78592
36930
52075
46388
56127
95042
54093
47441
23272
65561
89331
81485
24844
4275
1468
550
10813
96374
48889
45232
13941
3559
21260
7117
69785
55701
76654
82663
83273
97294
79056
89327
85034
69959
89843
41319
74486
42354
11032
34069
57735
14526
2030
39608
84470
63459
93036
51620
13240
42576
66322
37034
15072
81615
43135
6594
73784
66249
23857
59511
20977
66386
25199
80544
36537
68186
98174
13140
83938
46883
90385
42753
46679
97610
81014
9074
70875
33235
99430
39061
12589
4221
89259
20235
65340
4399
57605
77810
36638
36464
26891
690
26148
75711
26317
14139
14581
40540
90036
72450
7465
5369
39763
89340
5654
17904
53340
37554
38328
62606
17421
76752
59228
45907
78502
72628
33125
38223
19011
18895
95980
47915
9369
80490
74675
23062
30213
78802
49833
62358
83672
73873
74714
16149
50816
88862
14694
6352
57706
3393
90536
40652
72141
2182
70150
9646
36486
94316
51991
25585
32578
83550
94825
59952
391
44003
87375
57675
7739
49971
38420
60994
85039
78244
1049
21186
11488
78598
34491
85494
86594
61261
73540
64159
20153
69545
52323
60987
43090
22295
84074
62607
32525
48159
21450
52493
49249
48980
31683
31089
59703
27604
14734
90670
10769
46793
80276
99916
82954
4814
19688
73684
94074
97878
1353
94310
88471
42212
63561
813
69203
89229
61873
76055
76081
53697
40235
48656
27564
81527
4208
15416
62365
65667
12088
88520
55852
65410
4939
20354
12139
31180
38091
14136
69088
2686
92609
58256
4516
64877
22705
80292
3020
6252
34440
9190
95331
40797
33949
3221
77994
16548
67760
61080
79818
91570
18653
12088
51605
533
74854
54790
39298
95846
45613
32819
92069
40573
44902
63902
19372
97186
92585
97463
27638
35140
21636
48472
5784
3422
43314
89232
99937
78163
85679
19513
32609
7442
21154
48773
5908
38645
644
95035
46615
44438
14951
75268
70815
52125
78483
73536
30667
43304
52357
25740
22012
50885
19532
26175
48607
76987
52920
21224
90817
62582
31675
76981
29498
87159
44578
45158
8930
38236
59802
91121
59282
86948
9602
19758
46862
48231
40806
38388
87091
81335
42818
4526
53912
64506
98349
66975
29087
57129
61253
8816
23554
2988
25674
39169
43195
47565
30093
60707
74101
37286
48366
82272
17395
92440
8521
26711
23484
65550
72499
40266
63435
32530
58975
93749
95479
44086
30878
48197
72104
60637
9411
37721
95071
96418
76373
40031
59348
63427
48058
12123
63698
52462
17411
64857
93150
55099
71986
89097
10027
80289
67049
16727
22623
34033
40572
77502
2283
10953
9463
19739
9366
18192
148
92303
89272
35334
40996
88614
24509
72608
62034
66259
64859
32601
43513
49689
50169
6719
98208
61570
40217
20106
24738
55081
40576
82585
23384
7700
23707
87772
18564
91295
33835
28251
98195
95641
65716
40184
6298
98481
36903
55240
72821
39867
99639
98432
59910
61523
38891
32318
76847
82932
69556
7903
38986
49993
61295
12702
55335
15853
15407
13614
87444
4305
44991
92962
99482
67036
45656
70556
7577
15294
31631
38403
37164
81071
47111
45253
13725
76392
76838
64541
73838
90925
66757
80353
6830
35599
15557
75328
99044
41332
61102
86271
69998
65683
6213
97431
71344
21857
63
12903
42522
41110
74348
90838
81626
12468
94133
45560
98765
59790
53671
53552
55090
95630
36623
39515
46912
78614
38435
70496
34374
94065
21427
39694
87557
56848
19221
81882
72716
86158
1673
5978
74030
30030
42166
25691
9978
4306
97073
85561
52462
11439
96814
74865
68913
69642
57778
64190
65200
68358
29368
26247
16833
79832
74435
13596
34693
27412
98770
81464
99832
93712
22720
51553
15432
77284
32159
38522
9928
56922
46926
28737
60519
31480
9341
15290
1926
27405
17248
45641
14113
41092
81831
25070
17112
21959
63364
55960
33910
40835
33820
95498
70917
2646
29332
54781
50743
17888
39712
54452
71824
65054
33693
5379
96717
29067
18741
69017
14811
37004
20723
86855
24949
7287
37226
5586
45435
50063
64499
97163
30193
12916
75641
51301
30781
43661
92931
5321
70402
94757
5957
26647
35922
63312
6032
46562
83561
27111
92527
90650
58893
43130
66128
3409
29926
9131
28926
28877
5245
51371
78654
88441
36659
30901
8316
59006
21744
49520
45542
69012
93332
55748
94545
89923
11292
4388
14421
14185
12577
70821
13468
31793
69261
24687
21503
10572
4914
61145
89958
96351
34841
40263
34891
66638
94011
84772
45936
24444
94568
52717
98527
9385
73021
96779
76605
48981
74916
60126
66812
44047
8448
81771
57969
35427
59751
19166
81692
89971
16864
42776
49348
53628
48597
46238
17961
77743
63261
89109
43334
10529
51372
44690
86467
72166
72642
78000
89379
96065
80969
44900
30218
96346
22160
42037
78730
72546
76812
11114
72481
90652
76050
26772
54922
35059
68920
27809
27737
16687
43379
20105
82863
634
22845
61575
77825
46093
57588
96072
37962
52384
51402
15568
57523
85194
29023
29114
765
57043
89478
58582
69128
5995
93792
14095
428
82511
97426
78610
62161
52028
37267
51129
61896
7088
30936
46945
14169
66474
93948
69931
19069
71057
38729
91245
88497
70268
45670
76472
25907
33308
9335
66922
55956
49948
7676
79698
98850
81162
8620
54142
20976
93581
28656
41827
88700
12996
57811
24152
44758
65111
15123
58064
52073
59610
17728
17951
9118
5719
59161
47480
31313
46111
15850
73653
35465
8350
75515
55420
61460
19295
36427
42543
61660
60001
95319
64238
55834
53358
27129
72332
91252
41718
41112
53583
74666
83955
33931
42012
66264
95245
6223
93979
12010
4700
84626
24314
4795
69658
28741
46602
6567
52712
44282
97177
20462
85863
20978
52724
88034
45999
27241
91971
87338
53487
92215
47806
67210
16046
99711
70776
59577
56882
61918
54401
80907
44354
41308
64421
93795
94700
63721
60725
44962
25926
14660
64431
81391
78214
86989
61330
95690
13982
33859
53854
94784
22894
20603
66007
4727
32702
32945
29492
63430
90900
60421
95651
71527
16058
3101
91030
49499
40937
98836
25244
843
333
60204
31048
94277
3713
68063
92773
57998
73954
6920
21008
52807
67238
39723
88927
1801
35633
24908
82431
24868
12080
44920
91604
68060
18339
9971
42915
88289
86871
63259
8370
79095
73641
81776
64709
92208
19343
101
92873
53167
87107
57705
14036
91419
40454
15531
13614
88225
45362
85926
81685
25332
15284
76824
87623
59112
22305
78592
36930
52075
46388
56127
95042
54093
47441
23272
65561
89331
81485
24844
4275
1468
550
10813
96374
48889
45232
13941
3559
21260
7117
69785
55701
76654
82663
83273
97294
79056
89327
85034
69959
89843
41319
74486
42354
11032
34069
57735
14526
2030
39608
84470
63459
93036
51620
13240
42576
66322
37034
15072
81615
43135
6594
73784
66249
23857
59511
20977
66386
25199
80544
36537
68186
98174
13140
83938
46883
90385
42753
46679
97610
81014
9074
70875
33235
99430
39061
12589
4221
89259
20235
65340
4399
57605
77810
36638
36464
26891
690
26148
75711
26317
14139
14581
40540
90036
72450
7465
5369
39763
89340
5654
17904
53340
37554
38328
62606
17421
76752
59228
45907
78502
72628
33125
38223
19011
18895
95980
47915
9369
80490
74675
23062
30213
78802
49833
62358
83672
73873
74714
16149
50816
88862
14694
6352
57706
3393
90536
40652
72141
2182
70150
9646
36486
94316
51991
25585
32578
83550
94825
59952
391
44003
87375
57675
7739
49971
38420
60994
85039
78244
1049
21186
11488
78598
34491
85494
86594
61261
73540
64159
20153
69545
52323
60987
43090
22295
84074
62607
32525
48159
21450
52493
49249
48980
31683
31089
59703
27604
14734
90670
10769
46793
80276
99916
82954
4814
19688
73684
94074
97878
1353
94310
88471
42212
63561
813
69203
89229
61873
76055
76081
53697
40235
48656
27564
81527
4208
15416
62365
65667
12088
88520
55852
65410
4939
20354
12139
31180
38091
14136
69088
2686
92609
58256
4516
64877
22705
80292
3020
6252
34440
9190
95331
40797
33949
3221
77994
16548
67760
61080
79818
91570
18653
12088
51605
533
74854
54790
39298
95846
45613
32819
92069
40573
44902
63902
19372
97186
92585
97463
27638
35140
21636
48472
5784
3422
43314
89232
99937
78163
85679
19513
32609
7442
21154
48773
5908
38645
644
95035
46615
44438
14951
75268
70815
52125
78483
73536
30667
43304
52357
25740
22012
50885
19532
26175
48607
76987
52920
21224
90817
62582
31675
76981
29498
87159
44578
45158
8930
38236
59802
91121
59282
86948
9602
19758
46862
48231
40806
38388
87091
81335
42818
4526
53912
64506
98349
66975
29087
57129
61253
8816
23554
2988
25674
39169
43195
47565
30093
60707
74101
37286
48366
82272
17395
92440
8521
26711
23484
65550
72499
40266
63435
32530
58975
93749
95479
44086
30878
48197
72104
60637
9411
37721
95071
96418
76373
40031
59348
63427
48058
12123
63698
52462
17411
64857
93150
55099
71986
89097
10027
80289
67049
16727
22623
34033
40572
77502
2283
10953
9463
19739
9366
18192
148
92303
89272
35334
40996
88614
24509
72608
62034
66259
64859
32601
43513
49689
50169
6719
98208
61570
40217
20106
24738
55081
40576
82585
23384
7700
23707
87772
18564
91295
33835
28251
98195
95641
65716
40184
6298
98481
36903
55240
72821
39867
99639
98432
59910
61523
38891
32318
76847
82932
69556
7903
38986
49993
61295
12702
55335
15853
15407
13614
87444
4305
44991
92962
99482
67036
45656
70556
7577
15294
31631
38403
37164
81071
47111
45253
13725
76392
76838
64541
73838
90925
66757
80353
6830
35599
15557
75328
99044
41332
61102
86271
69998
65683
6213
97431
71344
21857
63
12903
42522
41110
74348
90838
81626
12468
94133
45560
98765
59790
53671
53552
55090
95630
36623
39515
46912
78614
38435
70496
34374
94065
21427
39694
87557
56848
19221
81882
72716
86158
1673
5978
74030
30030
42166
25691
9978
4306
97073
85561
52462
11439
96814
74865
68913
69642
57778
64190
65200
68358
29368
26247
16833
79832
74435
13596
34693
27412
98770
81464
99832
93712
22720
51553
15432
77284
32159
38522
9928
56922
46926
28737
60519
31480
9341
15290
1926
27405
17248
45641
14113
41092
81831
25070
17112
21959
63364
55960
33910
40835
33820
95498
70917
2646
29332
54781
50743
17888
39712
54452
71824
65054
33693
5379
96717
29067
18741
69017
14811
37004
20723
86855
24949
7287
37226
5586
45435
50063
64499
97163
30193
12916
75641
51301
30781
43661
92931
5321
70402
94757
5957
26647
35922
63312
6032
46562
83561
27111
92527
90650
58893
43130
66128
3409
29926
9131
28926
28877
5245
51371
78654
88441
36659
30901
8316
59006
21744
49520
45542
69012
93332
55748
94545
89923
11292
4388
14421
14185
12577
70821
13468
31793
69261
24687
21503
10572
4914
61145
89958
96351
34841
40263
34891
66638
94011
84772
45936
24444
94568
52717
98527
9385
73021
96779
76605
48981
74916
60126
66812
44047
8448
81771
57969
35427
59751
19166
81692
89971
16864
42776
49348
53628
48597
46238
17961
77743
63261
89109
43334
10529
51372
44690
86467
72166
72642
78000
89379
96065
80969
44900
30218
96346
22160
42037
78730
72546
76812
11114
72481
90652
76050
26772
54922
35059
68920
27809
27737
16687
43379
20105
82863
634
22845
61575
77825
46093
57588
96072
37962
52384
51402
15568
57523
85194
29023
29114
765
57043
89478
58582
69128
5995
93792
14095
428
82511
97426
78610
62161
52028
37267
51129
61896
7088
30936
46945
14169
66474
93948
69931
19069
71057
38729
91245
88497
70268
45670
76472
25907
33308
9335
66922
55956
49948
7676
79698
98850
81162
8620
54142
20976
93581
28656
41827
88700
12996
57811
24152
44758
65111
15123
58064
52073
59610
17728
17951
9118
5719
59161
47480
31313
46111
15850
73653
35465
8350
75515
55420
61460
19295
36427
42543
61660
60001
95319
64238
55834
53358
27129
72332
91252
41718
41112
53583
74666
83955
33931
42012
66264
95245
6223
93979
12010
4700
84626
